[-1, -1, 0, 1, -1, 1, 1] : 1
[-1, -1, 0, 0, 1, 1, 1] : 1
[-1, -1, 0, -1, 1, 1, 1] : 1
[-1, -1, -1, 1, 1, 1, 1] : 1
[-1, -1, -1, 1, 1, 0, 1] : 1
[-1, -1, -1, 1, 1, -1, 1] : 1
[-1, -1, -1, 1, 0, 1, 1] : 1
[-1, -1, -1, 1, -1, 1, 1] : 1
[-1, -1, -1, 0, 1, 1, 1] : 1
[-1, -1, -1, -1, 1, 1, 1] : 1
[-1, -1, 0, 0, 0, 1, 1] : 0.0685944
[-1, -1, 0, 0, 1, 1, 0] : -0.013585
[-1, -1, 0, 0, -1, 1, 1] : -0.0636205
[-1, -1, 0, -1, 0, 1, 1] : -0.0682057
[-1, -1, 0, 1, 0, 0, 1] : -0.0785575
[-1, -1, -1, 1, 1, 1, 0] : -0.0814252
[-1, -1, 0, 0, 1, 0, 1] : -0.084332
[-1, -1, -1, 0, 0, 1, 1] : -0.108372
[-1, -1, 0, 0, 0, 1, 0] : -0.1413
[-1, -1, 0, 1, -1, 1, 0] : -0.146797
[-1, -1, 0, -1, 1, 1, 0] : -0.151815
[-1, -1, 0, 0, 0, 0, 1] : -0.203223
[-1, -1, 0, 0, 1, 1, -1] : -0.211032
[-1, -1, -1, 1, 0, 1, 0] : -0.218628
[-1, -1, -1, 0, 1, 1, 0] : -0.226523
[-1, -1, 0, 1, -1, 0, 1] : -0.231504
[-1, -1, 0, -1, 1, 0, 1] : -0.23442
[-1, -1, 0, 1, 0, 0, 0] : -0.236329
[-1, -1, 0, 0, 1, 0, 0] : -0.24462
[-1, -1, 0, -1, 0, 1, 0] : -0.28864
[-1, -1, 0, 0, -1, 1, 0] : -0.291922
[-1, -1, -1, 1, 0, 0, 1] : -0.295066
[-1, -1, -1, 0, 1, 0, 1] : -0.302553
[-1, -1, 0, 0, 0, 1, -1] : -0.325568
[-1, -1, 0, 0, 0, 0, 0] : -0.345529
[-1, -1, -1, 1, 1, 0, 0] : -0.349427
[-1, -1, 0, -1, 0, 0, 1] : -0.349676
[-1, -1, 0, 1, 0, -1, 1] : -0.350768
[-1, -1, 0, 0, -1, 0, 1] : -0.350903
[-1, -1, 0, 0, 1, -1, 1] : -0.356457
[-1, -1, -1, 0, 0, 1, 0] : -0.364818
[-1, -1, 0, 1, -1, 0, 0] : -0.385596
[-1, -1, 0, -1, 1, 0, 0] : -0.388506
[-1, -1, 0, 1, 0, 0, -1] : -0.407606
[-1, -1, 0, 0, 1, 0, -1] : -0.413457
[-1, -1, -1, 0, 0, 0, 1] : -0.428479
[-1, -1, 0, 0, 0, -1, 1] : -0.460464
[-1, -1, -1, 1, 0, 0, 0] : -0.466665
[-1, -1, -1, 0, 1, 0, 0] : -0.474846
[-1, -1, 0, -1, 0, 0, 0] : -0.486915
[-1, -1, 0, 0, -1, 0, 0] : -0.490871
[-1, -1, 0, 1, 0, -1, 0] : -0.491737
[-1, -1, 0, 0, 0, 0, -1] : -0.497887
[-1, -1, 0, 0, 1, -1, 0] : -0.502394
[-1, -1, -1, 0, 0, 0, 0] : -0.57815
[-1, -1, 0, 0, 0, -1, 0] : -0.585703
[-1, -1, 0, 1, 0, -1, -1] : -1
[-1, -1, 0, 1, -1, 1, -1] : -1
[-1, -1, 0, 1, -1, 0, -1] : -1
[-1, -1, 0, 1, -1, -1, 1] : -1
[-1, -1, 0, 1, -1, -1, 0] : -1
[-1, -1, 0, 1, -1, -1, -1] : -1
[-1, -1, 0, 0, 1, -1, -1] : -1
[-1, -1, 0, 0, 0, -1, -1] : -1
[-1, -1, 0, 0, -1, 1, -1] : -1
[-1, -1, 0, 0, -1, 0, -1] : -1
[-1, -1, 0, 0, -1, -1, 1] : -1
[-1, -1, 0, 0, -1, -1, 0] : -1
[-1, -1, 0, 0, -1, -1, -1] : -1
[-1, -1, 0, -1, 1, 1, -1] : -1
[-1, -1, 0, -1, 1, 0, -1] : -1
[-1, -1, 0, -1, 1, -1, 1] : -1
[-1, -1, 0, -1, 1, -1, 0] : -1
[-1, -1, 0, -1, 1, -1, -1] : -1
[-1, -1, 0, -1, 0, 1, -1] : -1
[-1, -1, 0, -1, 0, 0, -1] : -1
[-1, -1, 0, -1, 0, -1, 1] : -1
[-1, -1, 0, -1, 0, -1, 0] : -1
[-1, -1, 0, -1, 0, -1, -1] : -1
[-1, -1, 0, -1, -1, 1, 1] : -1
[-1, -1, 0, -1, -1, 1, 0] : -1
[-1, -1, 0, -1, -1, 1, -1] : -1
[-1, -1, 0, -1, -1, 0, 1] : -1
[-1, -1, 0, -1, -1, 0, 0] : -1
[-1, -1, 0, -1, -1, 0, -1] : -1
[-1, -1, 0, -1, -1, -1, 1] : -1
[-1, -1, 0, -1, -1, -1, 0] : -1
[-1, -1, 0, -1, -1, -1, -1] : -1
[-1, -1, -1, 1, 1, 1, -1] : -1
[-1, -1, -1, 1, 1, 0, -1] : -1
[-1, -1, -1, 1, 1, -1, 0] : -1
[-1, -1, -1, 1, 1, -1, -1] : -1
[-1, -1, -1, 1, 0, 1, -1] : -1
[-1, -1, -1, 1, 0, 0, -1] : -1
[-1, -1, -1, 1, 0, -1, 1] : -1
[-1, -1, -1, 1, 0, -1, 0] : -1
[-1, -1, -1, 1, 0, -1, -1] : -1
[-1, -1, -1, 1, -1, 1, 0] : -1
[-1, -1, -1, 1, -1, 1, -1] : -1
[-1, -1, -1, 1, -1, 0, 1] : -1
[-1, -1, -1, 1, -1, 0, 0] : -1
[-1, -1, -1, 1, -1, 0, -1] : -1
[-1, -1, -1, 1, -1, -1, 1] : -1
[-1, -1, -1, 1, -1, -1, 0] : -1
[-1, -1, -1, 1, -1, -1, -1] : -1
[-1, -1, -1, 0, 1, 1, -1] : -1
[-1, -1, -1, 0, 1, 0, -1] : -1
[-1, -1, -1, 0, 1, -1, 1] : -1
[-1, -1, -1, 0, 1, -1, 0] : -1
[-1, -1, -1, 0, 1, -1, -1] : -1
[-1, -1, -1, 0, 0, 1, -1] : -1
[-1, -1, -1, 0, 0, 0, -1] : -1
[-1, -1, -1, 0, 0, -1, 1] : -1
[-1, -1, -1, 0, 0, -1, 0] : -1
[-1, -1, -1, 0, 0, -1, -1] : -1
[-1, -1, -1, 0, -1, 1, 1] : -1
[-1, -1, -1, 0, -1, 1, 0] : -1
[-1, -1, -1, 0, -1, 1, -1] : -1
[-1, -1, -1, 0, -1, 0, 1] : -1
[-1, -1, -1, 0, -1, 0, 0] : -1
[-1, -1, -1, 0, -1, 0, -1] : -1
[-1, -1, -1, 0, -1, -1, 1] : -1
[-1, -1, -1, 0, -1, -1, 0] : -1
[-1, -1, -1, 0, -1, -1, -1] : -1
[-1, -1, -1, -1, 1, 1, 0] : -1
[-1, -1, -1, -1, 1, 1, -1] : -1
[-1, -1, -1, -1, 1, 0, 1] : -1
[-1, -1, -1, -1, 1, 0, 0] : -1
[-1, -1, -1, -1, 1, 0, -1] : -1
[-1, -1, -1, -1, 1, -1, 1] : -1
[-1, -1, -1, -1, 1, -1, 0] : -1
[-1, -1, -1, -1, 1, -1, -1] : -1
[-1, -1, -1, -1, 0, 1, 1] : -1
[-1, -1, -1, -1, 0, 1, 0] : -1
[-1, -1, -1, -1, 0, 1, -1] : -1
[-1, -1, -1, -1, 0, 0, 1] : -1
[-1, -1, -1, -1, 0, 0, 0] : -1
[-1, -1, -1, -1, 0, 0, -1] : -1
[-1, -1, -1, -1, 0, -1, 1] : -1
[-1, -1, -1, -1, 0, -1, 0] : -1
[-1, -1, -1, -1, 0, -1, -1] : -1
[-1, -1, -1, -1, -1, 1, 1] : -1
[-1, -1, -1, -1, -1, 1, 0] : -1
[-1, -1, -1, -1, -1, 1, -1] : -1
[-1, -1, -1, -1, -1, 0, 1] : -1
[-1, -1, -1, -1, -1, 0, 0] : -1
[-1, -1, -1, -1, -1, 0, -1] : -1
[-1, -1, -1, -1, -1, -1, 1] : -1
[-1, -1, -1, -1, -1, -1, 0] : -1
[-1, -1, -1, -1, -1, -1, -1] : -1
