[1, 1, 1, 1, 1, 1, 1] : 1
[1, 1, 1, 1, 1, 1, 0] : 1
[1, 1, 1, 1, 1, 1, -1] : 1
[1, 1, 1, 1, 1, 0, 1] : 1
[1, 1, 1, 1, 1, 0, 0] : 1
[1, 1, 1, 1, 1, 0, -1] : 1
[1, 1, 1, 1, 1, -1, 1] : 1
[1, 1, 1, 1, 1, -1, 0] : 1
[1, 1, 1, 1, 1, -1, -1] : 1
[1, 1, 1, 1, 0, 1, 1] : 1
[1, 1, 1, 1, 0, 1, 0] : 1
[1, 1, 1, 1, 0, 1, -1] : 1
[1, 1, 1, 1, 0, 0, 1] : 1
[1, 1, 1, 1, 0, 0, 0] : 1
[1, 1, 1, 1, 0, 0, -1] : 1
[1, 1, 1, 1, 0, -1, 1] : 1
[1, 1, 1, 1, 0, -1, 0] : 1
[1, 1, 1, 1, 0, -1, -1] : 1
[1, 1, 1, 1, -1, 1, 1] : 1
[1, 1, 1, 1, -1, 1, 0] : 1
[1, 1, 1, 1, -1, 1, -1] : 1
[1, 1, 1, 1, -1, 0, 1] : 1
[1, 1, 1, 1, -1, 0, 0] : 1
[1, 1, 1, 1, -1, 0, -1] : 1
[1, 1, 1, 1, -1, -1, 1] : 1
[1, 1, 1, 1, -1, -1, 0] : 1
[1, 1, 1, 0, 1, 1, 1] : 1
[1, 1, 1, 0, 1, 1, 0] : 1
[1, 1, 1, 0, 1, 1, -1] : 1
[1, 1, 1, 0, 1, 0, 1] : 1
[1, 1, 1, 0, 1, 0, 0] : 1
[1, 1, 1, 0, 1, 0, -1] : 1
[1, 1, 1, 0, 1, -1, 1] : 1
[1, 1, 1, 0, 1, -1, 0] : 1
[1, 1, 1, 0, 1, -1, -1] : 1
[1, 1, 1, 0, 0, 1, 1] : 1
[1, 1, 1, 0, 0, 1, 0] : 1
[1, 1, 1, 0, 0, 1, -1] : 1
[1, 1, 1, 0, 0, 0, 1] : 1
[1, 1, 1, 0, 0, -1, 1] : 1
[1, 1, 1, 0, -1, 1, 1] : 1
[1, 1, 1, 0, -1, 1, 0] : 1
[1, 1, 1, 0, -1, 1, -1] : 1
[1, 1, 1, 0, -1, 0, 1] : 1
[1, 1, 1, 0, -1, -1, 1] : 1
[1, 1, 1, -1, 1, 1, 1] : 1
[1, 1, 1, -1, 1, 1, 0] : 1
[1, 1, 1, -1, 1, 1, -1] : 1
[1, 1, 1, -1, 1, 0, 1] : 1
[1, 1, 1, -1, 1, 0, 0] : 1
[1, 1, 1, -1, 1, 0, -1] : 1
[1, 1, 1, -1, 1, -1, 1] : 1
[1, 1, 1, -1, 1, -1, 0] : 1
[1, 1, 1, -1, 0, 1, 1] : 1
[1, 1, 1, -1, 0, 1, 0] : 1
[1, 1, 1, -1, 0, 1, -1] : 1
[1, 1, 1, -1, 0, 0, 1] : 1
[1, 1, 1, -1, 0, -1, 1] : 1
[1, 1, 1, -1, -1, 1, 1] : 1
[1, 1, 1, -1, -1, 1, 0] : 1
[1, 1, 1, -1, -1, 0, 1] : 1
[1, 1, 1, -1, -1, -1, 1] : 1
[1, 1, 0, 1, 1, 1, 1] : 1
[1, 1, 0, 1, 1, 1, 0] : 1
[1, 1, 0, 1, 1, 1, -1] : 1
[1, 1, 0, 1, 1, 0, 1] : 1
[1, 1, 0, 1, 1, 0, 0] : 1
[1, 1, 0, 1, 1, 0, -1] : 1
[1, 1, 0, 1, 1, -1, 1] : 1
[1, 1, 0, 1, 1, -1, 0] : 1
[1, 1, 0, 1, 1, -1, -1] : 1
[1, 1, 0, 1, 0, 1, 1] : 1
[1, 1, 0, 1, 0, 1, 0] : 1
[1, 1, 0, 1, 0, 1, -1] : 1
[1, 1, 0, 1, 0, 0, 1] : 1
[1, 1, 0, 1, 0, -1, 1] : 1
[1, 1, 0, 1, -1, 1, 1] : 1
[1, 1, 0, 1, -1, 1, 0] : 1
[1, 1, 0, 1, -1, 1, -1] : 1
[1, 1, 0, 1, -1, 0, 1] : 1
[1, 1, 0, 1, -1, -1, 1] : 1
[1, 1, 0, 0, 1, 1, 1] : 1
[1, 1, 0, 0, 1, 1, 0] : 1
[1, 1, 0, 0, 1, 1, -1] : 1
[1, 1, 0, 0, 1, 0, 1] : 1
[1, 1, 0, 0, 1, -1, 1] : 1
[1, 1, 0, 0, 0, 1, 1] : 1
[1, 1, 0, 0, -1, 1, 1] : 1
[1, 1, 0, -1, 1, 1, 1] : 1
[1, 1, 0, -1, 1, 1, 0] : 1
[1, 1, 0, -1, 1, 1, -1] : 1
[1, 1, 0, -1, 1, 0, 1] : 1
[1, 1, 0, -1, 1, -1, 1] : 1
[1, 1, 0, -1, 0, 1, 1] : 1
[1, 1, 0, -1, -1, 1, 1] : 1
[1, 1, -1, 1, 1, 1, 1] : 1
[1, 1, -1, 1, 1, 1, 0] : 1
[1, 1, -1, 1, 1, 1, -1] : 1
[1, 1, -1, 1, 1, 0, 1] : 1
[1, 1, -1, 1, 1, 0, 0] : 1
[1, 1, -1, 1, 1, 0, -1] : 1
[1, 1, -1, 1, 1, -1, 1] : 1
[1, 1, -1, 1, 1, -1, 0] : 1
[1, 1, -1, 1, 0, 1, 1] : 1
[1, 1, -1, 1, 0, 1, 0] : 1
[1, 1, -1, 1, 0, 1, -1] : 1
[1, 1, -1, 1, 0, 0, 1] : 1
[1, 1, -1, 1, 0, -1, 1] : 1
[1, 1, -1, 1, -1, 1, 1] : 1
[1, 1, -1, 1, -1, 1, 0] : 1
[1, 1, -1, 1, -1, 1, -1] : 1
[1, 1, -1, 1, -1, 0, 1] : 1
[1, 1, -1, 1, -1, -1, 1] : 1
[1, 1, -1, 0, 1, 1, 1] : 1
[1, 1, -1, 0, 1, 1, 0] : 1
[1, 1, -1, 0, 1, 1, -1] : 1
[1, 1, -1, 0, 1, 0, 1] : 1
[1, 1, -1, 0, 1, -1, 1] : 1
[1, 1, -1, 0, 0, 1, 1] : 1
[1, 1, -1, 0, -1, 1, 1] : 1
[1, 1, -1, -1, 1, 1, 1] : 1
[1, 1, -1, -1, 1, 1, 0] : 1
[1, 1, -1, -1, 1, 1, -1] : 1
[1, 1, -1, -1, 1, 0, 1] : 1
[1, 1, -1, -1, 1, -1, 1] : 1
[1, 1, -1, -1, 0, 1, 1] : 1
[1, 1, -1, -1, -1, 1, 1] : 1
[1, 0, 1, 1, 1, 1, 1] : 1
[1, 0, 1, 1, 1, 1, 0] : 1
[1, 0, 1, 1, 1, 1, -1] : 1
[1, 0, 1, 1, 1, 0, 1] : 1
[1, 0, 1, 1, 1, 0, 0] : 1
[1, 0, 1, 1, 1, 0, -1] : 1
[1, 0, 1, 1, 1, -1, 1] : 1
[1, 0, 1, 1, 1, -1, 0] : 1
[1, 0, 1, 1, 1, -1, -1] : 1
[1, 0, 1, 1, 0, 1, 1] : 1
[1, 0, 1, 1, 0, 1, 0] : 1
[1, 0, 1, 1, 0, 1, -1] : 1
[1, 0, 1, 1, 0, 0, 1] : 1
[1, 0, 1, 1, 0, -1, 1] : 1
[1, 0, 1, 1, -1, 1, 1] : 1
[1, 0, 1, 1, -1, 1, 0] : 1
[1, 0, 1, 1, -1, 1, -1] : 1
[1, 0, 1, 1, -1, 0, 1] : 1
[1, 0, 1, 1, -1, -1, 1] : 1
[1, 0, 1, 0, 1, 1, 1] : 1
[1, 0, 1, 0, 1, 1, 0] : 1
[1, 0, 1, 0, 1, 1, -1] : 1
[1, 0, 1, 0, 1, 0, 1] : 1
[1, 0, 1, 0, 1, -1, 1] : 1
[1, 0, 1, 0, 0, 1, 1] : 1
[1, 0, 1, 0, -1, 1, 1] : 1
[1, 0, 1, -1, 1, 1, 1] : 1
[1, 0, 1, -1, 1, 1, 0] : 1
[1, 0, 1, -1, 1, 1, -1] : 1
[1, 0, 1, -1, 1, 0, 1] : 1
[1, 0, 1, -1, 1, -1, 1] : 1
[1, 0, 1, -1, 0, 1, 1] : 1
[1, 0, 1, -1, -1, 1, 1] : 1
[1, 0, 0, 1, 1, 1, 1] : 1
[1, 0, 0, 1, 1, 1, 0] : 1
[1, 0, 0, 1, 1, 1, -1] : 1
[1, 0, 0, 1, 1, 0, 1] : 1
[1, 0, 0, 1, 1, -1, 1] : 1
[1, 0, 0, 1, 0, 1, 1] : 1
[1, 0, 0, 1, -1, 1, 1] : 1
[1, 0, 0, 0, 1, 1, 1] : 1
[1, 0, 0, 0, 0, 1, 1] : 1
[1, 0, 0, 0, -1, 1, 1] : 1
[1, 0, 0, -1, 1, 1, 1] : 1
[1, 0, 0, -1, 0, 1, 1] : 1
[1, 0, 0, -1, -1, 1, 1] : 1
[1, 0, -1, 1, 1, 1, 1] : 1
[1, 0, -1, 1, 1, 1, 0] : 1
[1, 0, -1, 1, 1, 1, -1] : 1
[1, 0, -1, 1, 1, 0, 1] : 1
[1, 0, -1, 1, 1, -1, 1] : 1
[1, 0, -1, 1, 0, 1, 1] : 1
[1, 0, -1, 1, -1, 1, 1] : 1
[1, 0, -1, 0, 1, 1, 1] : 1
[1, 0, -1, 0, 0, 1, 1] : 1
[1, 0, -1, 0, -1, 1, 1] : 1
[1, 0, -1, -1, 1, 1, 1] : 1
[1, 0, -1, -1, 0, 1, 1] : 1
[1, 0, -1, -1, -1, 1, 1] : 1
[1, -1, 1, 1, 1, 1, 1] : 1
[1, -1, 1, 1, 1, 1, 0] : 1
[1, -1, 1, 1, 1, 1, -1] : 1
[1, -1, 1, 1, 1, 0, 1] : 1
[1, -1, 1, 1, 1, 0, 0] : 1
[1, -1, 1, 1, 1, 0, -1] : 1
[1, -1, 1, 1, 1, -1, 1] : 1
[1, -1, 1, 1, 1, -1, 0] : 1
[1, -1, 1, 1, 0, 1, 1] : 1
[1, -1, 1, 1, 0, 1, 0] : 1
[1, -1, 1, 1, 0, 1, -1] : 1
[1, -1, 1, 1, 0, 0, 1] : 1
[1, -1, 1, 1, 0, -1, 1] : 1
[1, -1, 1, 1, -1, 1, 1] : 1
[1, -1, 1, 1, -1, 1, 0] : 1
[1, -1, 1, 1, -1, 1, -1] : 1
[1, -1, 1, 1, -1, 0, 1] : 1
[1, -1, 1, 1, -1, -1, 1] : 1
[1, -1, 1, 0, 1, 1, 1] : 1
[1, -1, 1, 0, 1, 1, 0] : 1
[1, -1, 1, 0, 1, 1, -1] : 1
[1, -1, 1, 0, 1, 0, 1] : 1
[1, -1, 1, 0, 1, -1, 1] : 1
[1, -1, 1, 0, 0, 1, 1] : 1
[1, -1, 1, 0, -1, 1, 1] : 1
[1, -1, 1, -1, 1, 1, 1] : 1
[1, -1, 1, -1, 1, 1, 0] : 1
[1, -1, 1, -1, 1, 1, -1] : 1
[1, -1, 1, -1, 1, 0, 1] : 1
[1, -1, 1, -1, 1, -1, 1] : 1
[1, -1, 1, -1, 0, 1, 1] : 1
[1, -1, 1, -1, -1, 1, 1] : 1
[1, -1, 0, 1, 1, 1, 1] : 1
[1, -1, 0, 1, 1, 1, 0] : 1
[1, -1, 0, 1, 1, 1, -1] : 1
[1, -1, 0, 1, 1, 0, 1] : 1
[1, -1, 0, 1, 1, -1, 1] : 1
[1, -1, 0, 1, 0, 1, 1] : 1
[1, -1, 0, 1, -1, 1, 1] : 1
[1, -1, 0, 0, 1, 1, 1] : 1
[1, -1, 0, 0, 0, 1, 1] : 1
[1, -1, 0, 0, -1, 1, 1] : 1
[1, -1, 0, -1, 1, 1, 1] : 1
[1, -1, 0, -1, 0, 1, 1] : 1
[1, -1, 0, -1, -1, 1, 1] : 1
[1, -1, -1, 1, 1, 1, 1] : 1
[1, -1, -1, 1, 1, 1, 0] : 1
[1, -1, -1, 1, 1, 1, -1] : 1
[1, -1, -1, 1, 1, 0, 1] : 1
[1, -1, -1, 1, 1, -1, 1] : 1
[1, -1, -1, 1, 0, 1, 1] : 1
[1, -1, -1, 1, -1, 1, 1] : 1
[1, -1, -1, 0, 1, 1, 1] : 1
[1, -1, -1, 0, 0, 1, 1] : 1
[1, -1, -1, 0, -1, 1, 1] : 1
[1, -1, -1, -1, 1, 1, 1] : 1
[1, -1, -1, -1, 0, 1, 1] : 1
[1, -1, -1, -1, -1, 1, 1] : 1
[0, 1, 1, 1, 1, 1, 1] : 1
[0, 1, 1, 1, 1, 1, 0] : 1
[0, 1, 1, 1, 1, 1, -1] : 1
[0, 1, 1, 1, 1, 0, 1] : 1
[0, 1, 1, 1, 1, 0, 0] : 1
[0, 1, 1, 1, 1, 0, -1] : 1
[0, 1, 1, 1, 1, -1, 1] : 1
[0, 1, 1, 1, 1, -1, 0] : 1
[0, 1, 1, 1, 1, -1, -1] : 1
[0, 1, 1, 1, 0, 1, 1] : 1
[0, 1, 1, 1, 0, 1, 0] : 1
[0, 1, 1, 1, 0, 1, -1] : 1
[0, 1, 1, 1, 0, 0, 1] : 1
[0, 1, 1, 1, 0, -1, 1] : 1
[0, 1, 1, 1, -1, 1, 1] : 1
[0, 1, 1, 1, -1, 1, 0] : 1
[0, 1, 1, 1, -1, 1, -1] : 1
[0, 1, 1, 1, -1, 0, 1] : 1
[0, 1, 1, 1, -1, -1, 1] : 1
[0, 1, 1, 0, 1, 1, 1] : 1
[0, 1, 1, 0, 1, 1, 0] : 1
[0, 1, 1, 0, 1, 1, -1] : 1
[0, 1, 1, 0, 1, 0, 1] : 1
[0, 1, 1, 0, 1, -1, 1] : 1
[0, 1, 1, 0, 0, 1, 1] : 1
[0, 1, 1, 0, -1, 1, 1] : 1
[0, 1, 1, -1, 1, 1, 1] : 1
[0, 1, 1, -1, 1, 1, 0] : 1
[0, 1, 1, -1, 1, 1, -1] : 1
[0, 1, 1, -1, 1, 0, 1] : 1
[0, 1, 1, -1, 1, -1, 1] : 1
[0, 1, 1, -1, 0, 1, 1] : 1
[0, 1, 1, -1, -1, 1, 1] : 1
[0, 1, 0, 1, 1, 1, 1] : 1
[0, 1, 0, 1, 1, 1, 0] : 1
[0, 1, 0, 1, 1, 1, -1] : 1
[0, 1, 0, 1, 1, 0, 1] : 1
[0, 1, 0, 1, 1, -1, 1] : 1
[0, 1, 0, 1, 0, 1, 1] : 1
[0, 1, 0, 1, -1, 1, 1] : 1
[0, 1, 0, 0, 1, 1, 1] : 1
[0, 1, 0, 0, 0, 1, 1] : 1
[0, 1, 0, 0, -1, 1, 1] : 1
[0, 1, 0, -1, 1, 1, 1] : 1
[0, 1, 0, -1, 0, 1, 1] : 1
[0, 1, 0, -1, -1, 1, 1] : 1
[0, 1, -1, 1, 1, 1, 1] : 1
[0, 1, -1, 1, 1, 1, 0] : 1
[0, 1, -1, 1, 1, 1, -1] : 1
[0, 1, -1, 1, 1, 0, 1] : 1
[0, 1, -1, 1, 1, -1, 1] : 1
[0, 1, -1, 1, 0, 1, 1] : 1
[0, 1, -1, 1, -1, 1, 1] : 1
[0, 1, -1, 0, 1, 1, 1] : 1
[0, 1, -1, 0, 0, 1, 1] : 1
[0, 1, -1, 0, -1, 1, 1] : 1
[0, 1, -1, -1, 1, 1, 1] : 1
[0, 1, -1, -1, 0, 1, 1] : 1
[0, 1, -1, -1, -1, 1, 1] : 1
[0, 0, 1, 1, 1, 1, 1] : 1
[0, 0, 1, 1, 1, 1, 0] : 1
[0, 0, 1, 1, 1, 1, -1] : 1
[0, 0, 1, 1, 1, 0, 1] : 1
[0, 0, 1, 1, 1, -1, 1] : 1
[0, 0, 1, 1, 0, 1, 1] : 1
[0, 0, 1, 1, -1, 1, 1] : 1
[0, 0, 1, 0, 1, 1, 1] : 1
[0, 0, 1, 0, 0, 1, 1] : 1
[0, 0, 1, 0, -1, 1, 1] : 1
[0, 0, 1, -1, 1, 1, 1] : 1
[0, 0, 1, -1, 0, 1, 1] : 1
[0, 0, 1, -1, -1, 1, 1] : 1
[0, 0, 0, 1, 1, 1, 1] : 1
[0, 0, 0, 1, 1, 0, 1] : 1
[0, 0, 0, 1, 1, -1, 1] : 1
[0, 0, 0, 1, 0, 1, 1] : 1
[0, 0, 0, 1, -1, 1, 1] : 1
[0, 0, 0, 0, 1, 1, 1] : 1
[0, 0, 0, -1, 1, 1, 1] : 1
[0, 0, -1, 1, 1, 1, 1] : 1
[0, 0, -1, 1, 1, 0, 1] : 1
[0, 0, -1, 1, 1, -1, 1] : 1
[0, 0, -1, 1, 0, 1, 1] : 1
[0, 0, -1, 1, -1, 1, 1] : 1
[0, 0, -1, 0, 1, 1, 1] : 1
[0, 0, -1, -1, 1, 1, 1] : 1
[0, -1, 1, 1, 1, 1, 1] : 1
[0, -1, 1, 1, 1, 1, 0] : 1
[0, -1, 1, 1, 1, 1, -1] : 1
[0, -1, 1, 1, 1, 0, 1] : 1
[0, -1, 1, 1, 1, -1, 1] : 1
[0, -1, 1, 1, 0, 1, 1] : 1
[0, -1, 1, 1, -1, 1, 1] : 1
[0, -1, 1, 0, 1, 1, 1] : 1
[0, -1, 1, 0, 0, 1, 1] : 1
[0, -1, 1, 0, -1, 1, 1] : 1
[0, -1, 1, -1, 1, 1, 1] : 1
[0, -1, 1, -1, 0, 1, 1] : 1
[0, -1, 1, -1, -1, 1, 1] : 1
[0, -1, 0, 1, 1, 1, 1] : 1
[0, -1, 0, 1, 1, 0, 1] : 1
[0, -1, 0, 1, 1, -1, 1] : 1
[0, -1, 0, 1, 0, 1, 1] : 1
[0, -1, 0, 1, -1, 1, 1] : 1
[0, -1, 0, 0, 1, 1, 1] : 1
[0, -1, 0, -1, 1, 1, 1] : 1
[0, -1, -1, 1, 1, 1, 1] : 1
[0, -1, -1, 1, 1, 0, 1] : 1
[0, -1, -1, 1, 1, -1, 1] : 1
[0, -1, -1, 1, 0, 1, 1] : 1
[0, -1, -1, 1, -1, 1, 1] : 1
[0, -1, -1, 0, 1, 1, 1] : 1
[0, -1, -1, -1, 1, 1, 1] : 1
[-1, 1, 1, 1, 1, 1, 1] : 1
[-1, 1, 1, 1, 1, 1, 0] : 1
[-1, 1, 1, 1, 1, 1, -1] : 1
[-1, 1, 1, 1, 1, 0, 1] : 1
[-1, 1, 1, 1, 1, 0, 0] : 1
[-1, 1, 1, 1, 1, 0, -1] : 1
[-1, 1, 1, 1, 1, -1, 1] : 1
[-1, 1, 1, 1, 1, -1, 0] : 1
[-1, 1, 1, 1, 0, 1, 1] : 1
[-1, 1, 1, 1, 0, 1, 0] : 1
[-1, 1, 1, 1, 0, 1, -1] : 1
[-1, 1, 1, 1, 0, 0, 1] : 1
[-1, 1, 1, 1, 0, -1, 1] : 1
[-1, 1, 1, 1, -1, 1, 1] : 1
[-1, 1, 1, 1, -1, 1, 0] : 1
[-1, 1, 1, 1, -1, 1, -1] : 1
[-1, 1, 1, 1, -1, 0, 1] : 1
[-1, 1, 1, 1, -1, -1, 1] : 1
[-1, 1, 1, 0, 1, 1, 1] : 1
[-1, 1, 1, 0, 1, 1, 0] : 1
[-1, 1, 1, 0, 1, 1, -1] : 1
[-1, 1, 1, 0, 1, 0, 1] : 1
[-1, 1, 1, 0, 1, -1, 1] : 1
[-1, 1, 1, 0, 0, 1, 1] : 1
[-1, 1, 1, 0, -1, 1, 1] : 1
[-1, 1, 1, -1, 1, 1, 1] : 1
[-1, 1, 1, -1, 1, 1, 0] : 1
[-1, 1, 1, -1, 1, 1, -1] : 1
[-1, 1, 1, -1, 1, 0, 1] : 1
[-1, 1, 1, -1, 1, -1, 1] : 1
[-1, 1, 1, -1, 0, 1, 1] : 1
[-1, 1, 1, -1, -1, 1, 1] : 1
[-1, 1, 0, 1, 1, 1, 1] : 1
[-1, 1, 0, 1, 1, 1, 0] : 1
[-1, 1, 0, 1, 1, 1, -1] : 1
[-1, 1, 0, 1, 1, 0, 1] : 1
[-1, 1, 0, 1, 1, -1, 1] : 1
[-1, 1, 0, 1, 0, 1, 1] : 1
[-1, 1, 0, 1, -1, 1, 1] : 1
[-1, 1, 0, 0, 1, 1, 1] : 1
[-1, 1, 0, 0, 0, 1, 1] : 1
[-1, 1, 0, 0, -1, 1, 1] : 1
[-1, 1, 0, -1, 1, 1, 1] : 1
[-1, 1, 0, -1, 0, 1, 1] : 1
[-1, 1, 0, -1, -1, 1, 1] : 1
[-1, 1, -1, 1, 1, 1, 1] : 1
[-1, 1, -1, 1, 1, 1, 0] : 1
[-1, 1, -1, 1, 1, 1, -1] : 1
[-1, 1, -1, 1, 1, 0, 1] : 1
[-1, 1, -1, 1, 1, -1, 1] : 1
[-1, 1, -1, 1, 0, 1, 1] : 1
[-1, 1, -1, 1, -1, 1, 1] : 1
[-1, 1, -1, 0, 1, 1, 1] : 1
[-1, 1, -1, 0, 0, 1, 1] : 1
[-1, 1, -1, 0, -1, 1, 1] : 1
[-1, 1, -1, -1, 1, 1, 1] : 1
[-1, 1, -1, -1, 0, 1, 1] : 1
[-1, 1, -1, -1, -1, 1, 1] : 1
[-1, 0, 1, 1, 1, 1, 1] : 1
[-1, 0, 1, 1, 1, 1, 0] : 1
[-1, 0, 1, 1, 1, 1, -1] : 1
[-1, 0, 1, 1, 1, 0, 1] : 1
[-1, 0, 1, 1, 1, -1, 1] : 1
[-1, 0, 1, 1, 0, 1, 1] : 1
[-1, 0, 1, 1, -1, 1, 1] : 1
[-1, 0, 1, 0, 1, 1, 1] : 1
[-1, 0, 1, 0, 0, 1, 1] : 1
[-1, 0, 1, 0, -1, 1, 1] : 1
[-1, 0, 1, -1, 1, 1, 1] : 1
[-1, 0, 1, -1, 0, 1, 1] : 1
[-1, 0, 1, -1, -1, 1, 1] : 1
[-1, 0, 0, 1, 1, 1, 1] : 1
[-1, 0, 0, 1, 1, 0, 1] : 1
[-1, 0, 0, 1, 1, -1, 1] : 1
[-1, 0, 0, 1, 0, 1, 1] : 1
[-1, 0, 0, 1, -1, 1, 1] : 1
[-1, 0, 0, 0, 1, 1, 1] : 1
[-1, 0, 0, -1, 1, 1, 1] : 1
[-1, 0, -1, 1, 1, 1, 1] : 1
[-1, 0, -1, 1, 1, 0, 1] : 1
[-1, 0, -1, 1, 1, -1, 1] : 1
[-1, 0, -1, 1, 0, 1, 1] : 1
[-1, 0, -1, 1, -1, 1, 1] : 1
[-1, 0, -1, 0, 1, 1, 1] : 1
[-1, 0, -1, -1, 1, 1, 1] : 1
[-1, -1, 1, 1, 1, 1, 1] : 1
[-1, -1, 1, 1, 1, 1, 0] : 1
[-1, -1, 1, 1, 1, 1, -1] : 1
[-1, -1, 1, 1, 1, 0, 1] : 1
[-1, -1, 1, 1, 1, -1, 1] : 1
[-1, -1, 1, 1, 0, 1, 1] : 1
[-1, -1, 1, 1, -1, 1, 1] : 1
[-1, -1, 1, 0, 1, 1, 1] : 1
[-1, -1, 1, 0, 0, 1, 1] : 1
[-1, -1, 1, 0, -1, 1, 1] : 1
[-1, -1, 1, -1, 1, 1, 1] : 1
[-1, -1, 1, -1, 0, 1, 1] : 1
[-1, -1, 1, -1, -1, 1, 1] : 1
[-1, -1, 0, 1, 1, 1, 1] : 1
[-1, -1, 0, 1, 1, 0, 1] : 1
[-1, -1, 0, 1, 1, -1, 1] : 1
[-1, -1, 0, 1, 0, 1, 1] : 1
[-1, -1, 0, 1, -1, 1, 1] : 1
[-1, -1, 0, 0, 1, 1, 1] : 1
[-1, -1, 0, -1, 1, 1, 1] : 1
[-1, -1, -1, 1, 1, 1, 1] : 1
[-1, -1, -1, 1, 1, 0, 1] : 1
[-1, -1, -1, 1, 1, -1, 1] : 1
[-1, -1, -1, 1, 0, 1, 1] : 1
[-1, -1, -1, 1, -1, 1, 1] : 1
[-1, -1, -1, 0, 1, 1, 1] : 1
[-1, -1, -1, -1, 1, 1, 1] : 1
[1, 0, 1, 0, 0, 1, 0] : 0.465588
[0, 1, 1, 0, 0, 1, 0] : 0.465588
[1, 1, 0, 0, 0, 1, 0] : 0.465588
[1, 1, 1, 0, 0, 0, 0] : 0.455041
[1, 1, 0, 0, -1, 1, 0] : 0.412707
[1, 0, 1, -1, 0, 1, 0] : 0.412707
[1, 1, 0, -1, 0, 1, 0] : 0.412707
[1, 0, 1, 0, -1, 1, 0] : 0.412707
[0, 1, 1, 0, -1, 1, 0] : 0.412707
[0, 1, 1, -1, 0, 1, 0] : 0.412707
[0, 1, 0, 0, 1, 1, 0] : 0.41007
[1, 0, 0, 1, 0, 1, 0] : 0.41007
[1, 0, 0, 0, 1, 1, 0] : 0.41007
[0, 1, 0, 1, 0, 1, 0] : 0.41007
[0, 0, 1, 1, 0, 1, 0] : 0.41007
[0, 0, 1, 0, 1, 1, 0] : 0.41007
[1, 1, 1, -1, 0, 0, 0] : 0.39954
[1, 1, 1, 0, -1, 0, 0] : 0.399539
[1, 1, -1, 0, 0, 1, 0] : 0.393805
[-1, 1, 1, 0, 0, 1, 0] : 0.393805
[1, -1, 1, 0, 0, 1, 0] : 0.393805
[1, 1, 0, 1, 0, 0, 0] : 0.386333
[1, 1, 0, 0, 1, 0, 0] : 0.386333
[1, 0, 1, 1, 0, 0, 0] : 0.386333
[1, 0, 1, 0, 1, 0, 0] : 0.386333
[0, 1, 1, 1, 0, 0, 0] : 0.386333
[0, 1, 1, 0, 1, 0, 0] : 0.386333
[1, 1, 0, 0, 0, 0, 1] : 0.38148
[1, 0, 1, 0, 0, 0, 1] : 0.38148
[0, 1, 1, 0, 0, 0, 1] : 0.38148
[1, 0, 0, 1, -1, 1, 0] : 0.359575
[1, 0, 0, -1, 1, 1, 0] : 0.359575
[0, 1, 0, 1, -1, 1, 0] : 0.359575
[0, 0, 1, 1, -1, 1, 0] : 0.359575
[0, 0, 1, -1, 1, 1, 0] : 0.359575
[0, 1, 0, -1, 1, 1, 0] : 0.359575
[1, 1, 0, 0, 0, 1, -1] : 0.354632
[1, 0, 1, 0, 0, 1, -1] : 0.354632
[0, 1, 1, 0, 0, 1, -1] : 0.354632
[0, 0, 0, 1, 1, 1, 0] : 0.352286
[1, 1, 0, 0, -1, 0, 1] : 0.333716
[1, 1, 0, -1, 0, 0, 1] : 0.333716
[1, 0, 1, 0, -1, 0, 1] : 0.333716
[0, 1, 1, 0, -1, 0, 1] : 0.333716
[0, 1, 1, -1, 0, 0, 1] : 0.333716
[1, 0, 1, -1, 0, 0, 1] : 0.333716
[1, 1, 0, 1, -1, 0, 0] : 0.329509
[1, 0, 1, 1, -1, 0, 0] : 0.329509
[1, 0, 1, -1, 1, 0, 0] : 0.329509
[0, 1, 1, 1, -1, 0, 0] : 0.329509
[0, 1, 1, -1, 1, 0, 0] : 0.329509
[1, 1, 0, -1, 1, 0, 0] : 0.329509
[1, 1, 0, -1, -1, 1, 0] : 0.329303
[1, 0, 1, -1, -1, 1, 0] : 0.329303
[0, 1, 1, -1, -1, 1, 0] : 0.329303
[1, 0, -1, 0, 1, 1, 0] : 0.325985
[1, -1, 0, 1, 0, 1, 0] : 0.325985
[1, -1, 0, 0, 1, 1, 0] : 0.325985
[0, -1, 1, 0, 1, 1, 0] : 0.325985
[-1, 1, 0, 1, 0, 1, 0] : 0.325985
[-1, 0, 1, 1, 0, 1, 0] : 0.325985
[1, 0, -1, 1, 0, 1, 0] : 0.325985
[0, 1, -1, 1, 0, 1, 0] : 0.325985
[0, 1, -1, 0, 1, 1, 0] : 0.325985
[0, -1, 1, 1, 0, 1, 0] : 0.325985
[-1, 1, 0, 0, 1, 1, 0] : 0.325985
[-1, 0, 1, 0, 1, 1, 0] : 0.325985
[1, 0, 0, 1, 0, 0, 1] : 0.323211
[1, 0, 0, 0, 1, 0, 1] : 0.323211
[0, 1, 0, 1, 0, 0, 1] : 0.323211
[0, 1, 0, 0, 1, 0, 1] : 0.323211
[0, 0, 1, 1, 0, 0, 1] : 0.323211
[0, 0, 1, 0, 1, 0, 1] : 0.323211
[1, 1, 1, 0, 0, 0, -1] : 0.32298
[1, 0, 0, 1, 1, 0, 0] : 0.318797
[0, 1, 0, 1, 1, 0, 0] : 0.318797
[0, 0, 1, 1, 1, 0, 0] : 0.318797
[1, 1, 1, -1, -1, 0, 0] : 0.312592
[0, 0, 0, 0, 0, 1, 1] : 0.311497
[1, 1, -1, 0, 0, 0, 1] : 0.309362
[1, -1, 1, 0, 0, 0, 1] : 0.309362
[-1, 1, 1, 0, 0, 0, 1] : 0.309362
[1, 0, 0, 0, 0, 1, 0] : 0.30821
[0, 1, 0, 0, 0, 1, 0] : 0.30821
[0, 0, 1, 0, 0, 1, 0] : 0.30821
[0, 0, 1, 1, 0, 1, -1] : 0.305389
[0, 0, 1, 0, 1, 1, -1] : 0.305389
[1, 0, 0, 1, 0, 1, -1] : 0.305389
[1, 0, 0, 0, 1, 1, -1] : 0.305389
[0, 1, 0, 1, 0, 1, -1] : 0.305389
[0, 1, 0, 0, 1, 1, -1] : 0.305389
[-1, 1, 1, 0, -1, 1, 0] : 0.303798
[1, 1, -1, 0, -1, 1, 0] : 0.303798
[1, 1, -1, -1, 0, 1, 0] : 0.303798
[1, -1, 1, 0, -1, 1, 0] : 0.303798
[1, -1, 1, -1, 0, 1, 0] : 0.303798
[-1, 1, 1, -1, 0, 1, 0] : 0.303798
[1, 1, -1, 1, 0, 0, 0] : 0.300471
[1, 1, -1, 0, 1, 0, 0] : 0.300471
[1, -1, 1, 1, 0, 0, 0] : 0.300471
[1, -1, 1, 0, 1, 0, 0] : 0.300471
[-1, 1, 1, 1, 0, 0, 0] : 0.300471
[-1, 1, 1, 0, 1, 0, 0] : 0.300471
[1, 1, 1, 0, 0, -1, 0] : 0.284294
[1, 0, 0, 1, -1, 0, 1] : 0.278969
[0, 1, 0, 1, -1, 0, 1] : 0.278969
[0, 0, 1, 1, -1, 0, 1] : 0.278969
[0, 0, 1, -1, 1, 0, 1] : 0.278969
[1, 0, 0, -1, 1, 0, 1] : 0.278969
[0, 1, 0, -1, 1, 0, 1] : 0.278969
[0, 1, 1, 0, 0, 0, 0] : 0.276713
[1, 1, 0, 0, 0, 0, 0] : 0.276713
[1, 0, 1, 0, 0, 0, 0] : 0.276713
[1, 1, 0, 0, -1, 1, -1] : 0.266816
[1, 1, 0, -1, 0, 1, -1] : 0.266816
[1, 0, 1, 0, -1, 1, -1] : 0.266816
[1, 0, 1, -1, 0, 1, -1] : 0.266816
[0, 1, 1, 0, -1, 1, -1] : 0.266816
[0, 1, 1, -1, 0, 1, -1] : 0.266816
[1, 1, 0, 1, 0, 0, -1] : 0.262698
[1, 1, 0, 0, 1, 0, -1] : 0.262698
[1, 0, 1, 1, 0, 0, -1] : 0.262698
[1, 0, 1, 0, 1, 0, -1] : 0.262698
[0, 1, 1, 1, 0, 0, -1] : 0.262698
[0, 1, 1, 0, 1, 0, -1] : 0.262698
[0, 0, 0, 0, -1, 1, 1] : 0.261822
[0, 0, 0, -1, 0, 1, 1] : 0.261822
[0, 0, 0, 1, 0, 1, 0] : 0.260187
[0, 0, 0, 0, 1, 1, 0] : 0.260187
[1, 0, 1, -1, -1, 0, 1] : 0.260182
[0, 1, 1, -1, -1, 0, 1] : 0.260182
[1, 1, 0, -1, -1, 0, 1] : 0.260182
[0, 0, -1, 1, 1, 1, 0] : 0.26007
[0, -1, 0, 1, 1, 1, 0] : 0.26007
[-1, 0, 0, 1, 1, 1, 0] : 0.26007
[0, 0, 0, 1, 1, 1, -1] : 0.257371
[1, 0, 0, 0, -1, 1, 0] : 0.243611
[1, 0, 0, -1, 0, 1, 0] : 0.243611
[0, 1, 0, 0, -1, 1, 0] : 0.243611
[0, 1, 0, -1, 0, 1, 0] : 0.243611
[0, 0, 1, 0, -1, 1, 0] : 0.243611
[0, 0, 1, -1, 0, 1, 0] : 0.243611
[1, -1, 0, 1, 0, 0, 1] : 0.241689
[1, -1, 0, 0, 1, 0, 1] : 0.241689
[-1, 1, 0, 0, 1, 0, 1] : 0.241689
[1, 0, -1, 1, 0, 0, 1] : 0.241689
[1, 0, -1, 0, 1, 0, 1] : 0.241689
[0, 1, -1, 1, 0, 0, 1] : 0.241689
[0, 1, -1, 0, 1, 0, 1] : 0.241689
[0, -1, 1, 1, 0, 0, 1] : 0.241689
[-1, 1, 0, 1, 0, 0, 1] : 0.241689
[-1, 0, 1, 1, 0, 0, 1] : 0.241689
[0, -1, 1, 0, 1, 0, 1] : 0.241689
[-1, 0, 1, 0, 1, 0, 1] : 0.241689
[1, 0, -1, -1, 1, 1, 0] : 0.240896
[1, -1, 0, 1, -1, 1, 0] : 0.240896
[1, -1, 0, -1, 1, 1, 0] : 0.240896
[-1, 1, 0, 1, -1, 1, 0] : 0.240896
[-1, 1, 0, -1, 1, 1, 0] : 0.240896
[-1, 0, 1, 1, -1, 1, 0] : 0.240896
[-1, 0, 1, -1, 1, 1, 0] : 0.240896
[1, 0, -1, 1, -1, 1, 0] : 0.240896
[0, 1, -1, 1, -1, 1, 0] : 0.240896
[0, 1, -1, -1, 1, 1, 0] : 0.240896
[0, -1, 1, 1, -1, 1, 0] : 0.240896
[0, -1, 1, -1, 1, 1, 0] : 0.240896
[0, 1, 0, 0, 0, 0, 1] : 0.235215
[0, 0, 1, 0, 0, 0, 1] : 0.235215
[1, 0, 0, 0, 0, 0, 1] : 0.235215
[1, 1, 0, 0, 0, -1, 1] : 0.230292
[0, 1, 1, 0, 0, -1, 1] : 0.230292
[1, 0, 1, 0, 0, -1, 1] : 0.230292
[1, -1, 1, 0, 0, 1, -1] : 0.227397
[-1, 1, 1, 0, 0, 1, -1] : 0.227397
[1, 1, -1, 0, 0, 1, -1] : 0.227397
[1, -1, 0, 1, 1, 0, 0] : 0.22551
[0, 1, -1, 1, 1, 0, 0] : 0.22551
[0, -1, 1, 1, 1, 0, 0] : 0.22551
[-1, 1, 0, 1, 1, 0, 0] : 0.22551
[1, 0, -1, 1, 1, 0, 0] : 0.22551
[-1, 0, 1, 1, 1, 0, 0] : 0.22551
[1, 1, 1, 0, -1, 0, -1] : 0.223514
[1, 1, 1, -1, 0, 0, -1] : 0.223514
[1, 1, 0, 1, 0, -1, 0] : 0.220999
[0, 1, 1, 1, 0, -1, 0] : 0.220999
[0, 1, 1, 0, 1, -1, 0] : 0.220999
[1, 1, 0, 0, 1, -1, 0] : 0.220998
[1, 0, 1, 1, 0, -1, 0] : 0.220998
[1, 0, 1, 0, 1, -1, 0] : 0.220998
[1, 1, -1, 0, -1, 0, 1] : 0.220549
[1, 1, -1, -1, 0, 0, 1] : 0.220549
[1, -1, 1, 0, -1, 0, 1] : 0.220549
[1, -1, 1, -1, 0, 0, 1] : 0.220549
[-1, 1, 1, 0, -1, 0, 1] : 0.220549
[-1, 1, 1, -1, 0, 0, 1] : 0.220549
[1, 0, 0, -1, 1, 1, -1] : 0.217543
[1, 0, 0, 1, -1, 1, -1] : 0.217543
[0, 0, 1, 1, -1, 1, -1] : 0.217543
[0, 0, 1, -1, 1, 1, -1] : 0.217543
[0, 1, 0, 1, -1, 1, -1] : 0.217543
[0, 1, 0, -1, 1, 1, -1] : 0.217543
[1, 0, 0, 1, 0, 0, 0] : 0.217454
[0, 1, 0, 0, 1, 0, 0] : 0.217454
[1, 0, 0, 0, 1, 0, 0] : 0.217454
[0, 1, 0, 1, 0, 0, 0] : 0.217454
[0, 0, 1, 1, 0, 0, 0] : 0.217454
[0, 0, 1, 0, 1, 0, 0] : 0.217454
[0, 0, -1, 0, 0, 1, 1] : 0.215404
[0, -1, 0, 0, 0, 1, 1] : 0.215404
[-1, 0, 0, 0, 0, 1, 1] : 0.215404
[1, 0, 0, 1, 1, 0, -1] : 0.212082
[0, 1, 0, 1, 1, 0, -1] : 0.212082
[0, 0, 1, 1, 1, 0, -1] : 0.212082
[1, 0, 1, 0, -1, 0, 0] : 0.20546
[1, 0, 1, -1, 0, 0, 0] : 0.20546
[0, 1, 1, 0, -1, 0, 0] : 0.20546
[1, 1, 0, 0, -1, 0, 0] : 0.205459
[1, 1, 0, -1, 0, 0, 0] : 0.205459
[0, 1, 1, -1, 0, 0, 0] : 0.205459
[0, 1, -1, 0, 0, 1, 0] : 0.204545
[1, 0, -1, 0, 0, 1, 0] : 0.204545
[-1, 0, 1, 0, 0, 1, 0] : 0.204545
[1, -1, 0, 0, 0, 1, 0] : 0.204545
[0, -1, 1, 0, 0, 1, 0] : 0.204545
[-1, 1, 0, 0, 0, 1, 0] : 0.204545
[1, 1, -1, -1, 1, 0, 0] : 0.201729
[1, 1, -1, 1, -1, 0, 0] : 0.201729
[1, -1, 1, 1, -1, 0, 0] : 0.201729
[1, -1, 1, -1, 1, 0, 0] : 0.201729
[-1, 1, 1, 1, -1, 0, 0] : 0.201729
[-1, 1, 1, -1, 1, 0, 0] : 0.201729
[0, 0, 0, 1, -1, 1, 0] : 0.200611
[0, 0, 0, -1, 1, 1, 0] : 0.200611
[1, 0, 0, 0, 0, 1, -1] : 0.195112
[0, 1, 0, 0, 0, 1, -1] : 0.195112
[0, 0, 1, 0, 0, 1, -1] : 0.195112
[0, 0, 0, 1, 0, 0, 1] : 0.188084
[0, 0, 0, 0, 1, 0, 1] : 0.188084
[1, -1, -1, 0, 1, 1, 0] : 0.18777
[1, -1, -1, 1, 0, 1, 0] : 0.18777
[-1, 1, -1, 1, 0, 1, 0] : 0.18777
[-1, 1, -1, 0, 1, 1, 0] : 0.18777
[-1, -1, 1, 1, 0, 1, 0] : 0.18777
[-1, -1, 1, 0, 1, 1, 0] : 0.18777
[0, 0, 0, -1, -1, 1, 1] : 0.180265
[0, 1, 0, 1, 0, -1, 1] : 0.17765
[0, 0, 1, 1, 0, -1, 1] : 0.17765
[1, 0, 0, 1, 0, -1, 1] : 0.17765
[1, 0, 0, 0, 1, -1, 1] : 0.17765
[0, 1, 0, 0, 1, -1, 1] : 0.17765
[0, 0, 1, 0, 1, -1, 1] : 0.17765
[0, 1, 0, -1, 0, 0, 1] : 0.175745
[0, 0, 1, 0, -1, 0, 1] : 0.175745
[0, 0, 1, -1, 0, 0, 1] : 0.175745
[1, 0, 0, 0, -1, 0, 1] : 0.175745
[1, 0, 0, -1, 0, 0, 1] : 0.175745
[0, 1, 0, 0, -1, 0, 1] : 0.175745
[1, 0, -1, 0, 1, 1, -1] : 0.17294
[1, -1, 0, 1, 0, 1, -1] : 0.17294
[1, -1, 0, 0, 1, 1, -1] : 0.17294
[0, 1, -1, 0, 1, 1, -1] : 0.17294
[0, -1, 1, 1, 0, 1, -1] : 0.17294
[0, -1, 1, 0, 1, 1, -1] : 0.17294
[-1, 1, 0, 1, 0, 1, -1] : 0.17294
[-1, 0, 1, 1, 0, 1, -1] : 0.17294
[1, 0, -1, 1, 0, 1, -1] : 0.17294
[0, 1, -1, 1, 0, 1, -1] : 0.17294
[-1, 1, 0, 0, 1, 1, -1] : 0.17294
[-1, 0, 1, 0, 1, 1, -1] : 0.17294
[1, 1, -1, -1, -1, 1, 0] : 0.170886
[1, -1, 1, -1, -1, 1, 0] : 0.170886
[-1, 1, 1, -1, -1, 1, 0] : 0.170886
[0, 0, 0, 0, 0, 1, 0] : 0.167636
[1, 1, -1, 0, 0, 0, 0] : 0.16648
[1, -1, 1, 0, 0, 0, 0] : 0.16648
[-1, 1, 1, 0, 0, 0, 0] : 0.16648
[1, 1, 0, 1, -1, 0, -1] : 0.163664
[1, 1, 0, -1, 1, 0, -1] : 0.163664
[1, 0, 1, 1, -1, 0, -1] : 0.163664
[1, 0, 1, -1, 1, 0, -1] : 0.163664
[0, 1, 1, 1, -1, 0, -1] : 0.163664
[0, 1, 1, -1, 1, 0, -1] : 0.163664
[0, 0, 0, 1, 1, 0, 0] : 0.163304
[1, 1, 1, 0, -1, -1, 0] : 0.160074
[1, 1, 1, -1, 0, -1, 0] : 0.160074
[1, 0, 0, 1, 1, -1, 0] : 0.15859
[0, 1, 0, 1, 1, -1, 0] : 0.15859
[0, 0, 1, 1, 1, -1, 0] : 0.15859
[0, 0, 0, 1, 0, 1, -1] : 0.154777
[0, 0, 0, 0, 1, 1, -1] : 0.154777
[1, -1, 0, 1, -1, 0, 1] : 0.153868
[1, 0, -1, 1, -1, 0, 1] : 0.153868
[1, 0, -1, -1, 1, 0, 1] : 0.153868
[1, -1, 0, -1, 1, 0, 1] : 0.153868
[0, 1, -1, -1, 1, 0, 1] : 0.153868
[0, -1, 1, 1, -1, 0, 1] : 0.153868
[-1, 1, 0, 1, -1, 0, 1] : 0.153868
[-1, 0, 1, -1, 1, 0, 1] : 0.153868
[0, 1, -1, 1, -1, 0, 1] : 0.153868
[0, -1, 1, -1, 1, 0, 1] : 0.153868
[-1, 1, 0, -1, 1, 0, 1] : 0.153868
[-1, 0, 1, 1, -1, 0, 1] : 0.153868
[0, -1, 0, 0, 1, 1, 0] : 0.152801
[0, 0, -1, 1, 0, 1, 0] : 0.152801
[0, 0, -1, 0, 1, 1, 0] : 0.152801
[0, -1, 0, 1, 0, 1, 0] : 0.152801
[-1, 0, 0, 1, 0, 1, 0] : 0.152801
[-1, 0, 0, 0, 1, 1, 0] : 0.152801
[1, 0, 0, 1, -1, 0, 0] : 0.150527
[1, 0, 0, -1, 1, 0, 0] : 0.150527
[0, 1, 0, 1, -1, 0, 0] : 0.150527
[0, 1, 0, -1, 1, 0, 0] : 0.150527
[0, 0, 1, 1, -1, 0, 0] : 0.150527
[0, 0, 1, -1, 1, 0, 0] : 0.150527
[0, 1, 0, -1, -1, 1, 0] : 0.147648
[0, 0, 1, -1, -1, 1, 0] : 0.147648
[1, 0, 0, -1, -1, 1, 0] : 0.147648
[1, 0, 1, 0, 0, 0, -1] : 0.143998
[0, 1, 1, 0, 0, 0, -1] : 0.143998
[1, 1, 0, 0, 0, 0, -1] : 0.143998
[1, 0, -1, 0, 0, 0, 1] : 0.13268
[1, -1, 0, 0, 0, 0, 1] : 0.13268
[0, 1, -1, 0, 0, 0, 1] : 0.13268
[0, -1, 1, 0, 0, 0, 1] : 0.13268
[-1, 1, 0, 0, 0, 0, 1] : 0.13268
[-1, 0, 1, 0, 0, 0, 1] : 0.13268
[0, 0, 0, 1, -1, 0, 1] : 0.132511
[0, 0, 0, -1, 1, 0, 1] : 0.132511
[1, 1, 0, 0, -1, -1, 1] : 0.129182
[1, 1, 0, -1, 0, -1, 1] : 0.129182
[1, 0, 1, 0, -1, -1, 1] : 0.129182
[1, 0, 1, -1, 0, -1, 1] : 0.129182
[0, 1, 1, 0, -1, -1, 1] : 0.129182
[0, 1, 1, -1, 0, -1, 1] : 0.129182
[0, 0, -1, 0, -1, 1, 1] : 0.121228
[0, 0, -1, -1, 0, 1, 1] : 0.121228
[0, -1, 0, -1, 0, 1, 1] : 0.121228
[-1, 0, 0, 0, -1, 1, 1] : 0.121228
[-1, 0, 0, -1, 0, 1, 1] : 0.121228
[0, -1, 0, 0, -1, 1, 1] : 0.121227
[0, 0, -1, 1, 1, 1, -1] : 0.118705
[0, -1, 0, 1, 1, 1, -1] : 0.118705
[-1, 0, 0, 1, 1, 1, -1] : 0.118705
[-1, 0, -1, 1, 1, 1, 0] : 0.117085
[-1, -1, 0, 1, 1, 1, 0] : 0.117085
[0, -1, -1, 1, 1, 1, 0] : 0.117085
[1, 1, -1, 0, 1, 0, -1] : 0.111564
[1, -1, 1, 1, 0, 0, -1] : 0.111564
[1, -1, 1, 0, 1, 0, -1] : 0.111564
[-1, 1, 1, 1, 0, 0, -1] : 0.111564
[-1, 1, 1, 0, 1, 0, -1] : 0.111564
[1, 1, -1, 1, 0, 0, -1] : 0.111564
[1, 1, 0, -1, -1, 0, 0] : 0.105966
[1, 0, 1, -1, -1, 0, 0] : 0.105966
[0, 1, 1, -1, -1, 0, 0] : 0.105966
[0, 0, 1, 0, 0, 0, 0] : 0.103748
[1, 0, 0, 0, 0, 0, 0] : 0.103748
[0, 1, 0, 0, 0, 0, 0] : 0.103748
[1, 1, 0, 1, -1, -1, 0] : 0.102903
[1, 1, 0, -1, 1, -1, 0] : 0.102903
[1, 0, 1, 1, -1, -1, 0] : 0.102903
[0, 1, 1, 1, -1, -1, 0] : 0.102903
[1, 0, 1, -1, 1, -1, 0] : 0.102903
[0, 1, 1, -1, 1, -1, 0] : 0.102903
[-1, 1, 0, 0, 1, 0, 0] : 0.102132
[-1, 0, 1, 0, 1, 0, 0] : 0.102132
[1, 0, -1, 1, 0, 0, 0] : 0.102132
[1, -1, 0, 1, 0, 0, 0] : 0.102132
[0, 1, -1, 0, 1, 0, 0] : 0.102132
[0, -1, 1, 1, 0, 0, 0] : 0.102132
[0, -1, 1, 0, 1, 0, 0] : 0.102132
[-1, 1, 0, 1, 0, 0, 0] : 0.102132
[-1, 0, 1, 1, 0, 0, 0] : 0.102132
[1, 0, -1, 0, 1, 0, 0] : 0.102132
[1, -1, 0, 0, 1, 0, 0] : 0.102132
[0, 1, -1, 1, 0, 0, 0] : 0.102132
[0, 0, 0, 0, -1, 1, 0] : 0.0994815
[0, 0, 0, -1, 0, 1, 0] : 0.0994815
[1, 0, 0, 1, 0, 0, -1] : 0.09796
[1, 0, 0, 0, 1, 0, -1] : 0.09796
[0, 1, 0, 1, 0, 0, -1] : 0.09796
[0, 1, 0, 0, 1, 0, -1] : 0.09796
[0, 0, 1, 1, 0, 0, -1] : 0.09796
[0, 0, 1, 0, 1, 0, -1] : 0.0979599
[1, 0, -1, 0, -1, 1, 0] : 0.0975911
[1, 0, -1, -1, 0, 1, 0] : 0.0975911
[-1, 1, 0, 0, -1, 1, 0] : 0.0975911
[-1, 1, 0, -1, 0, 1, 0] : 0.0975911
[1, -1, 0, 0, -1, 1, 0] : 0.0975911
[1, -1, 0, -1, 0, 1, 0] : 0.0975911
[0, 1, -1, 0, -1, 1, 0] : 0.0975911
[0, 1, -1, -1, 0, 1, 0] : 0.0975911
[0, -1, 1, 0, -1, 1, 0] : 0.0975911
[0, -1, 1, -1, 0, 1, 0] : 0.0975911
[-1, 0, 1, 0, -1, 1, 0] : 0.0975911
[-1, 0, 1, -1, 0, 1, 0] : 0.0975911
[-1, 1, -1, 1, 0, 0, 1] : 0.0967039
[-1, 1, -1, 0, 1, 0, 1] : 0.0967039
[1, -1, -1, 1, 0, 0, 1] : 0.0967039
[1, -1, -1, 0, 1, 0, 1] : 0.0967039
[-1, -1, 1, 1, 0, 0, 1] : 0.0967039
[-1, -1, 1, 0, 1, 0, 1] : 0.0967039
[0, 0, 0, 0, 0, 0, 1] : 0.0948679
[1, 1, -1, -1, -1, 0, 1] : 0.0939615
[1, -1, 1, -1, -1, 0, 1] : 0.0939615
[-1, 1, 1, -1, -1, 0, 1] : 0.0939615
[1, 0, 0, 0, -1, 1, -1] : 0.0929689
[1, 0, 0, -1, 0, 1, -1] : 0.0929689
[0, 1, 0, -1, 0, 1, -1] : 0.0929689
[0, 0, 1, 0, -1, 1, -1] : 0.0929689
[0, 0, 1, -1, 0, 1, -1] : 0.0929689
[0, 1, 0, 0, -1, 1, -1] : 0.0929688
[-1, 1, 1, 0, -1, 1, -1] : 0.0928841
[-1, 1, 1, -1, 0, 1, -1] : 0.0928841
[1, 1, -1, 0, -1, 1, -1] : 0.0928841
[1, 1, -1, -1, 0, 1, -1] : 0.0928841
[1, -1, 1, 0, -1, 1, -1] : 0.0928841
[1, -1, 1, -1, 0, 1, -1] : 0.0928841
[1, 0, 0, -1, -1, 0, 1] : 0.0895826
[0, 1, 0, -1, -1, 0, 1] : 0.0895826
[0, 0, 1, -1, -1, 0, 1] : 0.0895826
[1, 1, 0, 0, 0, -1, 0] : 0.0868737
[1, 0, 1, 0, 0, -1, 0] : 0.0868737
[0, 1, 1, 0, 0, -1, 0] : 0.0868737
[1, 1, -1, 0, 0, -1, 1] : 0.0830076
[1, -1, 1, 0, 0, -1, 1] : 0.0830076
[-1, 1, 1, 0, 0, -1, 1] : 0.0830076
[-1, 0, 0, 1, 0, 0, 1] : 0.082739
[0, 0, -1, 1, 0, 0, 1] : 0.082739
[0, 0, -1, 0, 1, 0, 1] : 0.082739
[0, -1, 0, 1, 0, 0, 1] : 0.082739
[0, -1, 0, 0, 1, 0, 1] : 0.082739
[-1, 0, 0, 0, 1, 0, 1] : 0.082739
[0, 1, 0, -1, 1, -1, 1] : 0.079374
[0, 0, 1, -1, 1, -1, 1] : 0.079374
[1, 0, 0, -1, 1, -1, 1] : 0.079374
[0, 1, 0, 1, -1, -1, 1] : 0.079374
[0, 0, 1, 1, -1, -1, 1] : 0.079374
[1, 0, 0, 1, -1, -1, 1] : 0.079374
[1, 0, 0, 0, 0, -1, 1] : 0.0709169
[0, 1, 0, 0, 0, -1, 1] : 0.0709169
[0, 0, 1, 0, 0, -1, 1] : 0.0709169
[0, -1, -1, 0, 0, 1, 1] : 0.0685684
[-1, 0, -1, 0, 0, 1, 1] : 0.0685684
[-1, -1, 0, 0, 0, 1, 1] : 0.0685684
[1, -1, 1, 0, 1, -1, 0] : 0.0647975
[-1, 1, 1, 1, 0, -1, 0] : 0.0647975
[1, 1, -1, 1, 0, -1, 0] : 0.0647975
[1, 1, -1, 0, 1, -1, 0] : 0.0647975
[1, -1, 1, 1, 0, -1, 0] : 0.0647975
[-1, 1, 1, 0, 1, -1, 0] : 0.0647975
[0, 0, 0, 1, 0, 0, 0] : 0.0636107
[0, 0, 0, 0, 1, 0, 0] : 0.0636107
[0, 0, 0, 0, 0, 1, -1] : 0.0621281
[1, -1, -1, 1, 1, 0, 0] : 0.0590951
[-1, 1, -1, 1, 1, 0, 0] : 0.0590951
[-1, -1, 1, 1, 1, 0, 0] : 0.0590951
[1, -1, 0, 1, 1, 0, -1] : 0.0585715
[0, -1, 1, 1, 1, 0, -1] : 0.0585715
[-1, 1, 0, 1, 1, 0, -1] : 0.0585715
[-1, 0, 1, 1, 1, 0, -1] : 0.0585715
[1, 0, -1, 1, 1, 0, -1] : 0.0585715
[0, 1, -1, 1, 1, 0, -1] : 0.0585715
[0, 0, 0, 1, 1, 0, -1] : 0.0583932
[0, 0, -1, 1, -1, 1, 0] : 0.0575522
[0, 0, -1, -1, 1, 1, 0] : 0.0575522
[0, -1, 0, 1, -1, 1, 0] : 0.0575522
[0, -1, 0, -1, 1, 1, 0] : 0.0575522
[-1, 0, 0, 1, -1, 1, 0] : 0.0575522
[-1, 0, 0, -1, 1, 1, 0] : 0.0575522
[0, 0, 0, 1, -1, 1, -1] : 0.0556414
[0, 0, 0, -1, 1, 1, -1] : 0.0556413
[1, -1, -1, 1, -1, 1, 0] : 0.0553568
[1, -1, -1, -1, 1, 1, 0] : 0.0553568
[-1, 1, -1, 1, -1, 1, 0] : 0.0553568
[-1, 1, -1, -1, 1, 1, 0] : 0.0553568
[-1, -1, 1, -1, 1, 1, 0] : 0.0553568
[-1, -1, 1, 1, -1, 1, 0] : 0.0553568
[1, -1, 1, 0, -1, 0, 0] : 0.0516979
[1, -1, 1, -1, 0, 0, 0] : 0.0516979
[1, 1, -1, -1, 0, 0, 0] : 0.0516979
[-1, 1, 1, 0, -1, 0, 0] : 0.0516979
[-1, 1, 1, -1, 0, 0, 0] : 0.0516979
[1, 1, -1, 0, -1, 0, 0] : 0.0516979
[0, 0, -1, 0, 0, 1, 0] : 0.0491053
[0, -1, 0, 0, 0, 1, 0] : 0.0491053
[-1, 0, 0, 0, 0, 1, 0] : 0.0491053
[-1, 0, 0, 1, 1, 0, 0] : 0.0468683
[0, 0, -1, 1, 1, 0, 0] : 0.0468683
[0, -1, 0, 1, 1, 0, 0] : 0.0468683
[1, 0, -1, 1, -1, 1, -1] : 0.0445154
[1, 0, -1, -1, 1, 1, -1] : 0.0445154
[1, -1, 0, 1, -1, 1, -1] : 0.0445154
[1, -1, 0, -1, 1, 1, -1] : 0.0445154
[0, 1, -1, 1, -1, 1, -1] : 0.0445154
[0, 1, -1, -1, 1, 1, -1] : 0.0445154
[0, -1, 1, 1, -1, 1, -1] : 0.0445154
[0, -1, 1, -1, 1, 1, -1] : 0.0445154
[-1, 1, 0, 1, -1, 1, -1] : 0.0445154
[-1, 0, 1, -1, 1, 1, -1] : 0.0445154
[-1, 1, 0, -1, 1, 1, -1] : 0.0445154
[-1, 0, 1, 1, -1, 1, -1] : 0.0445154
[1, 0, 0, 0, -1, 0, 0] : 0.0406123
[0, 1, 0, 0, -1, 0, 0] : 0.0406123
[0, 1, 0, -1, 0, 0, 0] : 0.0406123
[0, 0, 1, 0, -1, 0, 0] : 0.0406123
[0, 0, 1, -1, 0, 0, 0] : 0.0406123
[1, 0, 0, -1, 0, 0, 0] : 0.0406123
[0, 0, 0, -1, 0, 0, 1] : 0.0391721
[0, 0, 0, 0, -1, 0, 1] : 0.039172
[1, 0, 0, 1, 0, -1, 0] : 0.0380405
[1, 0, 0, 0, 1, -1, 0] : 0.0380405
[0, 1, 0, 1, 0, -1, 0] : 0.0380405
[0, 1, 0, 0, 1, -1, 0] : 0.0380405
[0, 0, 1, 1, 0, -1, 0] : 0.0380405
[0, 0, 1, 0, 1, -1, 0] : 0.0380405
[1, 0, -1, 0, 0, 1, -1] : 0.0364904
[1, -1, 0, 0, 0, 1, -1] : 0.0364904
[-1, 1, 0, 0, 0, 1, -1] : 0.0364904
[0, 1, -1, 0, 0, 1, -1] : 0.0364904
[0, -1, 1, 0, 0, 1, -1] : 0.0364904
[-1, 0, 1, 0, 0, 1, -1] : 0.0364904
[1, -1, -1, 0, 0, 1, 0] : 0.0354694
[-1, 1, -1, 0, 0, 1, 0] : 0.0354694
[-1, -1, 1, 0, 0, 1, 0] : 0.0354694
[1, 1, 0, 0, -1, 0, -1] : 0.0352659
[1, 0, 1, 0, -1, 0, -1] : 0.0352659
[1, 1, 0, -1, 0, 0, -1] : 0.0352659
[1, 0, 1, -1, 0, 0, -1] : 0.0352659
[0, 1, 1, 0, -1, 0, -1] : 0.0352659
[0, 1, 1, -1, 0, 0, -1] : 0.0352659
[0, 0, 0, 1, 0, -1, 1] : 0.0302075
[0, 0, 0, 0, 1, -1, 1] : 0.0302075
[1, 0, -1, 0, -1, 0, 1] : 0.0284906
[1, 0, -1, -1, 0, 0, 1] : 0.0284906
[1, -1, 0, -1, 0, 0, 1] : 0.0284906
[0, 1, -1, 0, -1, 0, 1] : 0.0284906
[0, 1, -1, -1, 0, 0, 1] : 0.0284906
[0, -1, 1, 0, -1, 0, 1] : 0.0284906
[0, -1, 1, -1, 0, 0, 1] : 0.0284906
[-1, 1, 0, 0, -1, 0, 1] : 0.0284906
[-1, 1, 0, -1, 0, 0, 1] : 0.0284906
[-1, 0, 1, 0, -1, 0, 1] : 0.0284906
[-1, 0, 1, -1, 0, 0, 1] : 0.0284906
[1, -1, 0, 0, -1, 0, 1] : 0.0284906
[1, 1, 1, 0, 0, -1, -1] : 0.0199239
[1, -1, 0, 1, 0, -1, 1] : 0.0188564
[1, 0, -1, 1, 0, -1, 1] : 0.0188564
[1, 0, -1, 0, 1, -1, 1] : 0.0188564
[0, 1, -1, 1, 0, -1, 1] : 0.0188564
[0, 1, -1, 0, 1, -1, 1] : 0.0188564
[-1, 1, 0, 1, 0, -1, 1] : 0.0188564
[-1, 1, 0, 0, 1, -1, 1] : 0.0188564
[1, -1, 0, 0, 1, -1, 1] : 0.0188564
[0, -1, 1, 1, 0, -1, 1] : 0.0188564
[0, -1, 1, 0, 1, -1, 1] : 0.0188564
[-1, 0, 1, 1, 0, -1, 1] : 0.0188564
[-1, 0, 1, 0, 1, -1, 1] : 0.0188564
[1, 1, 1, -1, -1, -1, 0] : 0.015728
[0, 0, 0, 1, -1, 0, 0] : 0.0110367
[0, 0, 0, -1, 1, 0, 0] : 0.0110367
[0, 0, 0, -1, -1, 1, 0] : 0.00783093
[0, 0, 0, 0, 0, 0, 0] : 0.00190783
[1, 1, 0, -1, -1, -1, 1] : 0.00158491
[1, 0, 1, -1, -1, -1, 1] : 0.00158491
[0, 1, 1, -1, -1, -1, 1] : 0.00158491
[0, 0, -1, 1, 0, 1, -1] : 0.000780045
[-1, 0, 0, 1, 0, 1, -1] : 0.000780045
[0, 0, -1, 0, 1, 1, -1] : 0.000780045
[0, -1, 0, 1, 0, 1, -1] : 0.000780045
[0, -1, 0, 0, 1, 1, -1] : 0.000780045
[-1, 0, 0, 0, 1, 1, -1] : 0.000780045
[0, 0, -1, -1, -1, 1, 1] : -8.384e-05
[0, -1, 0, -1, -1, 1, 1] : -8.384e-05
[-1, 0, 0, -1, -1, 1, 1] : -8.384e-05
[0, 1, -1, 1, 1, -1, 0] : -0.00105117
[0, -1, 1, 1, 1, -1, 0] : -0.00105117
[-1, 1, 0, 1, 1, -1, 0] : -0.00105117
[-1, 0, 1, 1, 1, -1, 0] : -0.00105117
[1, 0, -1, 1, 1, -1, 0] : -0.00105117
[1, -1, 0, 1, 1, -1, 0] : -0.00105117
[0, 0, 1, 0, 0, 0, -1] : -0.00318205
[1, 0, 0, 0, 0, 0, -1] : -0.00318205
[0, 1, 0, 0, 0, 0, -1] : -0.00318205
[1, -1, 0, 1, -1, 0, 0] : -0.00363134
[-1, 1, 0, -1, 1, 0, 0] : -0.00363134
[1, 0, -1, 1, -1, 0, 0] : -0.00363134
[1, 0, -1, -1, 1, 0, 0] : -0.00363134
[1, -1, 0, -1, 1, 0, 0] : -0.00363134
[0, 1, -1, -1, 1, 0, 0] : -0.00363134
[0, -1, 1, 1, -1, 0, 0] : -0.00363134
[-1, 1, 0, 1, -1, 0, 0] : -0.00363134
[0, 1, -1, 1, -1, 0, 0] : -0.00363134
[0, -1, 1, -1, 1, 0, 0] : -0.00363134
[-1, 0, 1, 1, -1, 0, 0] : -0.00363134
[-1, 0, 1, -1, 1, 0, 0] : -0.00363134
[0, 0, 0, 1, 1, -1, 0] : -0.00648536
[1, 0, -1, 0, 0, 0, 0] : -0.00768708
[0, 1, -1, 0, 0, 0, 0] : -0.00768708
[1, -1, 0, 0, 0, 0, 0] : -0.00768709
[0, -1, 1, 0, 0, 0, 0] : -0.00768709
[-1, 0, 1, 0, 0, 0, 0] : -0.00768709
[-1, 1, 0, 0, 0, 0, 0] : -0.00768709
[1, 0, 0, -1, 1, 0, -1] : -0.00779388
[0, 1, 0, 1, -1, 0, -1] : -0.00779388
[0, 1, 0, -1, 1, 0, -1] : -0.00779388
[1, 0, 0, 1, -1, 0, -1] : -0.00779388
[0, 0, 1, 1, -1, 0, -1] : -0.00779388
[0, 0, 1, -1, 1, 0, -1] : -0.00779388
[0, -1, -1, 1, 0, 1, 0] : -0.0102905
[0, -1, -1, 0, 1, 1, 0] : -0.0102905
[-1, 0, -1, 1, 0, 1, 0] : -0.0102905
[-1, 0, -1, 0, 1, 1, 0] : -0.0102905
[-1, -1, 0, 1, 0, 1, 0] : -0.0102905
[-1, -1, 0, 0, 1, 1, 0] : -0.0102905
[1, 1, 0, 1, 0, -1, -1] : -0.0108003
[1, 1, 0, 0, 1, -1, -1] : -0.0108003
[1, 0, 1, 0, 1, -1, -1] : -0.0108003
[1, 0, 1, 1, 0, -1, -1] : -0.0108003
[0, 1, 1, 1, 0, -1, -1] : -0.0108003
[0, 1, 1, 0, 1, -1, -1] : -0.0108003
[0, 0, -1, 0, 0, 0, 1] : -0.0114602
[0, -1, 0, 0, 0, 0, 1] : -0.0114602
[-1, 0, 0, 0, 0, 0, 1] : -0.0114602
[0, 0, -1, 1, -1, 0, 1] : -0.0173156
[0, 0, -1, -1, 1, 0, 1] : -0.0173156
[0, -1, 0, -1, 1, 0, 1] : -0.0173156
[0, -1, 0, 1, -1, 0, 1] : -0.0173156
[-1, 0, 0, 1, -1, 0, 1] : -0.0173156
[-1, 0, 0, -1, 1, 0, 1] : -0.0173156
[1, 1, -1, 1, -1, 0, -1] : -0.018014
[1, 1, -1, -1, 1, 0, -1] : -0.018014
[1, -1, 1, 1, -1, 0, -1] : -0.018014
[1, -1, 1, -1, 1, 0, -1] : -0.018014
[-1, 1, 1, 1, -1, 0, -1] : -0.018014
[-1, 1, 1, -1, 1, 0, -1] : -0.018014
[1, 1, -1, 0, 0, 0, -1] : -0.0269912
[1, -1, 1, 0, 0, 0, -1] : -0.0269912
[-1, 1, 1, 0, 0, 0, -1] : -0.0269912
[1, -1, -1, 1, 0, 1, -1] : -0.0290256
[1, -1, -1, 0, 1, 1, -1] : -0.0290256
[-1, 1, -1, 1, 0, 1, -1] : -0.0290256
[-1, 1, -1, 0, 1, 1, -1] : -0.0290256
[-1, -1, 1, 1, 0, 1, -1] : -0.0290256
[-1, -1, 1, 0, 1, 1, -1] : -0.0290256
[0, 0, 0, 1, 0, 0, -1] : -0.0308571
[0, 0, 0, 0, 1, 0, -1] : -0.0308571
[1, -1, 0, -1, -1, 1, 0] : -0.0382905
[-1, 1, 0, -1, -1, 1, 0] : -0.0382905
[-1, 0, 1, -1, -1, 1, 0] : -0.0382905
[1, 0, -1, -1, -1, 1, 0] : -0.0382905
[0, 1, -1, -1, -1, 1, 0] : -0.0382905
[0, -1, 1, -1, -1, 1, 0] : -0.0382905
[1, -1, -1, 0, 0, 0, 1] : -0.0393224
[-1, 1, -1, 0, 0, 0, 1] : -0.0393224
[-1, -1, 1, 0, 0, 0, 1] : -0.0393224
[1, 1, 0, 0, -1, -1, 0] : -0.0416241
[1, 1, 0, -1, 0, -1, 0] : -0.0416241
[1, 0, 1, -1, 0, -1, 0] : -0.0416241
[1, 0, 1, 0, -1, -1, 0] : -0.0416242
[0, 1, 1, 0, -1, -1, 0] : -0.0416242
[0, 1, 1, -1, 0, -1, 0] : -0.0416242
[0, 0, -1, 1, 0, 0, 0] : -0.041832
[0, 0, -1, 0, 1, 0, 0] : -0.041832
[0, -1, 0, 1, 0, 0, 0] : -0.041832
[0, -1, 0, 0, 1, 0, 0] : -0.041832
[-1, 0, 0, 1, 0, 0, 0] : -0.041832
[-1, 0, 0, 0, 1, 0, 0] : -0.041832
[1, 0, 0, 0, -1, -1, 1] : -0.044933
[1, 0, 0, -1, 0, -1, 1] : -0.044933
[0, 1, 0, 0, -1, -1, 1] : -0.044933
[0, 1, 0, -1, 0, -1, 1] : -0.044933
[0, 0, 1, 0, -1, -1, 1] : -0.044933
[0, 0, 1, -1, 0, -1, 1] : -0.044933
[0, 0, 0, 0, -1, 1, -1] : -0.0455983
[0, 0, 0, -1, 0, 1, -1] : -0.0455983
[0, 0, 0, -1, -1, 0, 1] : -0.0478664
[1, 0, 0, -1, -1, 0, 0] : -0.0505317
[0, 1, 0, -1, -1, 0, 0] : -0.0505317
[0, 0, 1, -1, -1, 0, 0] : -0.0505317
[-1, -1, 1, -1, 1, 0, 1] : -0.0508292
[1, -1, -1, 1, -1, 0, 1] : -0.0508292
[1, -1, -1, -1, 1, 0, 1] : -0.0508292
[-1, 1, -1, 1, -1, 0, 1] : -0.0508292
[-1, 1, -1, -1, 1, 0, 1] : -0.0508292
[-1, -1, 1, 1, -1, 0, 1] : -0.0508292
[0, 0, 0, -1, 0, 0, 0] : -0.0526824
[0, 0, 0, 0, -1, 0, 0] : -0.0526825
[1, 0, 0, 1, 1, -1, -1] : -0.0528433
[0, 1, 0, 1, 1, -1, -1] : -0.0528433
[0, 0, 1, 1, 1, -1, -1] : -0.0528433
[0, -1, 0, -1, 0, 1, 0] : -0.0615945
[-1, 0, 0, 0, -1, 1, 0] : -0.0615945
[0, 0, -1, 0, -1, 1, 0] : -0.0615945
[0, 0, -1, -1, 0, 1, 0] : -0.0615945
[0, -1, 0, 0, -1, 1, 0] : -0.0615945
[-1, 0, 0, -1, 0, 1, 0] : -0.0615945
[0, -1, -1, -1, 0, 1, 1] : -0.0663742
[-1, 0, -1, 0, -1, 1, 1] : -0.0663742
[-1, 0, -1, -1, 0, 1, 1] : -0.0663742
[-1, -1, 0, 0, -1, 1, 1] : -0.0663742
[0, -1, -1, 0, -1, 1, 1] : -0.0663743
[-1, -1, 0, -1, 0, 1, 1] : -0.0663743
[0, 0, 0, 0, 0, -1, 1] : -0.0677694
[1, -1, 0, 1, 0, 0, -1] : -0.0678562
[1, -1, 0, 0, 1, 0, -1] : -0.0678562
[0, -1, 1, 0, 1, 0, -1] : -0.0678562
[-1, 1, 0, 0, 1, 0, -1] : -0.0678562
[-1, 0, 1, 1, 0, 0, -1] : -0.0678562
[1, 0, -1, 1, 0, 0, -1] : -0.0678562
[1, 0, -1, 0, 1, 0, -1] : -0.0678562
[0, 1, -1, 0, 1, 0, -1] : -0.0678562
[0, -1, 1, 1, 0, 0, -1] : -0.0678562
[-1, 1, 0, 1, 0, 0, -1] : -0.0678562
[-1, 0, 1, 0, 1, 0, -1] : -0.0678562
[0, 1, -1, 1, 0, 0, -1] : -0.0678562
[1, 0, 0, 0, 0, -1, 0] : -0.0723798
[0, 1, 0, 0, 0, -1, 0] : -0.0723798
[0, 0, 1, 0, 0, -1, 0] : -0.0723798
[1, -1, 1, -1, 0, -1, 1] : -0.0771078
[-1, 1, 1, 0, -1, -1, 1] : -0.0771078
[-1, 1, 1, -1, 0, -1, 1] : -0.0771078
[1, 1, -1, 0, -1, -1, 1] : -0.0771078
[1, 1, -1, -1, 0, -1, 1] : -0.0771078
[1, -1, 1, 0, -1, -1, 1] : -0.0771078
[-1, -1, -1, 1, 1, 1, 0] : -0.0814252
[-1, -1, 1, 0, 1, 0, 0] : -0.0820062
[1, -1, -1, 1, 0, 0, 0] : -0.0820062
[1, -1, -1, 0, 1, 0, 0] : -0.0820062
[-1, 1, -1, 1, 0, 0, 0] : -0.0820062
[-1, -1, 1, 1, 0, 0, 0] : -0.0820062
[-1, 1, -1, 0, 1, 0, 0] : -0.0820062
[0, 1, 0, 1, -1, -1, 0] : -0.0823388
[0, 1, 0, -1, 1, -1, 0] : -0.0823388
[0, 0, 1, 1, -1, -1, 0] : -0.0823388
[0, 0, 1, -1, 1, -1, 0] : -0.0823388
[1, 0, 0, 1, -1, -1, 0] : -0.0823388
[1, 0, 0, -1, 1, -1, 0] : -0.0823388
[0, 0, 0, 1, -1, -1, 1] : -0.0828346
[0, 0, 0, -1, 1, -1, 1] : -0.0828346
[0, -1, -1, 0, 1, 0, 1] : -0.0835381
[0, -1, -1, 1, 0, 0, 1] : -0.0835381
[-1, 0, -1, 1, 0, 0, 1] : -0.0835381
[-1, 0, -1, 0, 1, 0, 1] : -0.0835381
[-1, -1, 0, 1, 0, 0, 1] : -0.0835381
[-1, -1, 0, 0, 1, 0, 1] : -0.0835381
[-1, -1, 0, 1, 1, 1, -1] : -0.0900062
[0, -1, -1, 1, 1, 1, -1] : -0.0900062
[-1, 0, -1, 1, 1, 1, -1] : -0.0900062
[1, 1, -1, -1, -1, 0, 0] : -0.0903336
[1, -1, 1, -1, -1, 0, 0] : -0.0903336
[-1, 1, 1, -1, -1, 0, 0] : -0.0903336
[1, -1, 1, -1, 1, -1, 0] : -0.098899
[1, 1, -1, 1, -1, -1, 0] : -0.098899
[1, 1, -1, -1, 1, -1, 0] : -0.098899
[1, -1, 1, 1, -1, -1, 0] : -0.098899
[-1, 1, 1, 1, -1, -1, 0] : -0.098899
[-1, 1, 1, -1, 1, -1, 0] : -0.098899
[0, 0, 0, 1, 0, -1, 0] : -0.0990087
[0, 0, 0, 0, 1, -1, 0] : -0.0990087
[1, 0, -1, 0, -1, 1, -1] : -0.100746
[1, 0, -1, -1, 0, 1, -1] : -0.100746
[1, -1, 0, -1, 0, 1, -1] : -0.100746
[0, 1, -1, 0, -1, 1, -1] : -0.100746
[0, 1, -1, -1, 0, 1, -1] : -0.100746
[0, -1, 1, 0, -1, 1, -1] : -0.100746
[0, -1, 1, -1, 0, 1, -1] : -0.100746
[-1, 1, 0, 0, -1, 1, -1] : -0.100746
[-1, 1, 0, -1, 0, 1, -1] : -0.100746
[1, -1, 0, 0, -1, 1, -1] : -0.100746
[-1, 0, 1, -1, 0, 1, -1] : -0.100746
[-1, 0, 1, 0, -1, 1, -1] : -0.100746
[-1, 1, 1, 0, 0, -1, 0] : -0.102678
[1, 1, -1, 0, 0, -1, 0] : -0.102678
[1, -1, 1, 0, 0, -1, 0] : -0.102678
[0, 0, 0, 0, 0, 0, -1] : -0.103113
[1, 0, -1, -1, -1, 0, 1] : -0.103162
[0, 1, -1, -1, -1, 0, 1] : -0.103162
[0, -1, 1, -1, -1, 0, 1] : -0.103162
[-1, 1, 0, -1, -1, 0, 1] : -0.103162
[-1, 0, 1, -1, -1, 0, 1] : -0.103162
[1, -1, 0, -1, -1, 0, 1] : -0.103162
[0, 1, 0, 0, -1, 0, -1] : -0.106112
[1, 0, 0, 0, -1, 0, -1] : -0.106112
[1, 0, 0, -1, 0, 0, -1] : -0.106112
[0, 0, 1, 0, -1, 0, -1] : -0.106112
[0, 0, 1, -1, 0, 0, -1] : -0.106112
[0, 1, 0, -1, 0, 0, -1] : -0.106112
[-1, 0, 0, 1, 1, 0, -1] : -0.108355
[0, -1, 0, 1, 1, 0, -1] : -0.108355
[0, 0, -1, 1, 1, 0, -1] : -0.108355
[-1, -1, -1, 0, 0, 1, 1] : -0.108372
[0, -1, 0, 0, 0, 1, -1] : -0.108943
[0, 0, -1, 0, 0, 1, -1] : -0.108943
[-1, 0, 0, 0, 0, 1, -1] : -0.108943
[-1, 1, -1, 0, -1, 1, 0] : -0.11007
[1, -1, -1, 0, -1, 1, 0] : -0.11007
[1, -1, -1, -1, 0, 1, 0] : -0.11007
[-1, 1, -1, -1, 0, 1, 0] : -0.11007
[-1, -1, 1, 0, -1, 1, 0] : -0.11007
[-1, -1, 1, -1, 0, 1, 0] : -0.11007
[0, -1, 1, 0, 0, -1, 1] : -0.113583
[-1, 0, 1, 0, 0, -1, 1] : -0.113583
[1, 0, -1, 0, 0, -1, 1] : -0.113583
[1, -1, 0, 0, 0, -1, 1] : -0.113584
[0, 1, -1, 0, 0, -1, 1] : -0.113584
[-1, 1, 0, 0, 0, -1, 1] : -0.113584
[0, 1, -1, -1, 0, 0, 0] : -0.121817
[0, 1, -1, 0, -1, 0, 0] : -0.121817
[-1, 1, 0, 0, -1, 0, 0] : -0.121817
[-1, 1, 0, -1, 0, 0, 0] : -0.121817
[1, 0, -1, 0, -1, 0, 0] : -0.121817
[1, 0, -1, -1, 0, 0, 0] : -0.121817
[1, -1, 0, 0, -1, 0, 0] : -0.121817
[1, -1, 0, -1, 0, 0, 0] : -0.121817
[-1, 0, 1, 0, -1, 0, 0] : -0.121817
[-1, 0, 1, -1, 0, 0, 0] : -0.121817
[0, -1, 1, 0, -1, 0, 0] : -0.121817
[0, -1, 1, -1, 0, 0, 0] : -0.121817
[0, 0, -1, 0, -1, 0, 1] : -0.122572
[0, -1, 0, 0, -1, 0, 1] : -0.122572
[0, -1, 0, -1, 0, 0, 1] : -0.122572
[0, 0, -1, -1, 0, 0, 1] : -0.122572
[-1, 0, 0, 0, -1, 0, 1] : -0.122572
[-1, 0, 0, -1, 0, 0, 1] : -0.122572
[0, -1, -1, 1, 1, 0, 0] : -0.125566
[-1, -1, 0, 1, 1, 0, 0] : -0.125566
[-1, 0, -1, 1, 1, 0, 0] : -0.125566
[0, 0, -1, 0, 0, 0, 0] : -0.127458
[0, -1, 0, 0, 0, 0, 0] : -0.127458
[-1, 0, 0, 0, 0, 0, 0] : -0.127458
[0, 0, -1, 1, -1, 1, -1] : -0.132508
[0, 0, -1, -1, 1, 1, -1] : -0.132508
[0, -1, 0, 1, -1, 1, -1] : -0.132508
[0, -1, 0, -1, 1, 1, -1] : -0.132508
[-1, 0, 0, 1, -1, 1, -1] : -0.132508
[-1, 0, 0, -1, 1, 1, -1] : -0.132508
[0, -1, 1, -1, 1, -1, 1] : -0.134031
[1, 0, -1, 1, -1, -1, 1] : -0.134031
[1, 0, -1, -1, 1, -1, 1] : -0.134031
[1, -1, 0, 1, -1, -1, 1] : -0.134031
[1, -1, 0, -1, 1, -1, 1] : -0.134031
[-1, 1, 0, 1, -1, -1, 1] : -0.134031
[-1, 1, 0, -1, 1, -1, 1] : -0.134031
[-1, 0, 1, 1, -1, -1, 1] : -0.134031
[-1, 0, 1, -1, 1, -1, 1] : -0.134031
[0, 1, -1, 1, -1, -1, 1] : -0.134031
[0, 1, -1, -1, 1, -1, 1] : -0.134031
[0, -1, 1, 1, -1, -1, 1] : -0.134031
[0, 0, 0, 1, -1, 0, -1] : -0.137233
[0, 0, 0, -1, 1, 0, -1] : -0.137233
[1, -1, 0, 1, 0, -1, 0] : -0.138498
[1, 0, -1, 1, 0, -1, 0] : -0.138498
[1, 0, -1, 0, 1, -1, 0] : -0.138498
[1, -1, 0, 0, 1, -1, 0] : -0.138498
[0, 1, -1, 1, 0, -1, 0] : -0.138498
[0, 1, -1, 0, 1, -1, 0] : -0.138498
[0, -1, 1, 1, 0, -1, 0] : -0.138498
[0, -1, 1, 0, 1, -1, 0] : -0.138498
[-1, 1, 0, 1, 0, -1, 0] : -0.138498
[-1, 1, 0, 0, 1, -1, 0] : -0.138498
[-1, 0, 1, 1, 0, -1, 0] : -0.138498
[-1, 0, 1, 0, 1, -1, 0] : -0.138498
[0, -1, -1, 0, 0, 1, 0] : -0.142865
[-1, 0, -1, 0, 0, 1, 0] : -0.142865
[-1, -1, 0, 0, 0, 1, 0] : -0.142865
[0, 0, -1, 1, 0, -1, 1] : -0.149851
[0, 0, -1, 0, 1, -1, 1] : -0.149851
[0, -1, 0, 1, 0, -1, 1] : -0.149851
[0, -1, 0, 0, 1, -1, 1] : -0.149851
[-1, 0, 0, 1, 0, -1, 1] : -0.149851
[-1, 0, 0, 0, 1, -1, 1] : -0.149851
[-1, 0, -1, 1, -1, 1, 0] : -0.150121
[-1, -1, 0, -1, 1, 1, 0] : -0.150121
[0, -1, -1, 1, -1, 1, 0] : -0.150121
[0, -1, -1, -1, 1, 1, 0] : -0.150121
[-1, 0, -1, -1, 1, 1, 0] : -0.150121
[-1, -1, 0, 1, -1, 1, 0] : -0.150121
[0, 0, -1, 1, -1, 0, 0] : -0.154927
[0, 0, -1, -1, 1, 0, 0] : -0.154927
[0, -1, 0, 1, -1, 0, 0] : -0.154927
[0, -1, 0, -1, 1, 0, 0] : -0.154927
[-1, 0, 0, 1, -1, 0, 0] : -0.154928
[-1, 0, 0, -1, 1, 0, 0] : -0.154928
[0, 1, 1, 0, 0, -1, -1] : -0.155817
[1, 1, 0, 0, 0, -1, -1] : -0.155817
[1, 0, 1, 0, 0, -1, -1] : -0.155817
[1, 1, -1, -1, 0, 0, -1] : -0.157772
[1, -1, 1, -1, 0, 0, -1] : -0.157772
[1, 1, -1, 0, -1, 0, -1] : -0.157772
[1, -1, 1, 0, -1, 0, -1] : -0.157772
[-1, 1, 1, 0, -1, 0, -1] : -0.157772
[-1, 1, 1, -1, 0, 0, -1] : -0.157772
[-1, -1, 1, 1, 1, 0, -1] : -0.159499
[-1, 1, -1, 1, 1, 0, -1] : -0.159499
[1, -1, -1, 1, 1, 0, -1] : -0.159499
[0, 0, 0, -1, -1, 0, 0] : -0.163961
[1, 0, 0, -1, -1, -1, 1] : -0.169409
[0, 1, 0, -1, -1, -1, 1] : -0.169409
[0, 0, 1, -1, -1, -1, 1] : -0.169409
[1, 1, 0, -1, -1, -1, 0] : -0.173865
[1, 0, 1, -1, -1, -1, 0] : -0.173865
[0, 1, 1, -1, -1, -1, 0] : -0.173865
[0, -1, 0, 1, 1, -1, 0] : -0.178582
[0, 0, -1, 1, 1, -1, 0] : -0.178582
[-1, 0, 0, 1, 1, -1, 0] : -0.178582
[1, 0, -1, 0, 0, 0, -1] : -0.179472
[1, -1, 0, 0, 0, 0, -1] : -0.179472
[0, 1, -1, 0, 0, 0, -1] : -0.179472
[0, -1, 1, 0, 0, 0, -1] : -0.179472
[-1, 1, 0, 0, 0, 0, -1] : -0.179472
[-1, 0, 1, 0, 0, 0, -1] : -0.179472
[1, -1, -1, 0, 0, 1, -1] : -0.182709
[-1, -1, 1, 0, 0, 1, -1] : -0.182709
[-1, 1, -1, 0, 0, 1, -1] : -0.182709
[0, 0, 0, 0, 0, -1, 0] : -0.183993
[1, 0, 0, 1, 0, -1, -1] : -0.184724
[1, 0, 0, 0, 1, -1, -1] : -0.184724
[0, 1, 0, 1, 0, -1, -1] : -0.184724
[0, 0, 1, 1, 0, -1, -1] : -0.184724
[0, 0, 1, 0, 1, -1, -1] : -0.184724
[0, 1, 0, 0, 1, -1, -1] : -0.184724
[0, 0, 0, 0, -1, -1, 1] : -0.184918
[0, 0, 0, -1, 0, -1, 1] : -0.184918
[1, -1, -1, -1, 0, 0, 1] : -0.18929
[-1, 1, -1, 0, -1, 0, 1] : -0.18929
[-1, 1, -1, -1, 0, 0, 1] : -0.18929
[1, -1, -1, 0, -1, 0, 1] : -0.18929
[-1, -1, 1, -1, 0, 0, 1] : -0.18929
[-1, -1, 1, 0, -1, 0, 1] : -0.18929
[0, 0, 1, -1, 0, -1, 0] : -0.190289
[1, 0, 0, 0, -1, -1, 0] : -0.190289
[1, 0, 0, -1, 0, -1, 0] : -0.190289
[0, 1, 0, 0, -1, -1, 0] : -0.190289
[0, 1, 0, -1, 0, -1, 0] : -0.190289
[0, 0, 1, 0, -1, -1, 0] : -0.190289
[1, -1, -1, 1, 0, -1, 1] : -0.195145
[1, -1, -1, 0, 1, -1, 1] : -0.195145
[-1, 1, -1, 1, 0, -1, 1] : -0.195145
[-1, -1, 1, 1, 0, -1, 1] : -0.195145
[-1, -1, 1, 0, 1, -1, 1] : -0.195145
[-1, 1, -1, 0, 1, -1, 1] : -0.195145
[1, 0, -1, -1, 1, 0, -1] : -0.197541
[1, -1, 0, 1, -1, 0, -1] : -0.197541
[1, -1, 0, -1, 1, 0, -1] : -0.197541
[0, 1, -1, 1, -1, 0, -1] : -0.197541
[0, 1, -1, -1, 1, 0, -1] : -0.197541
[1, 0, -1, 1, -1, 0, -1] : -0.197541
[0, -1, 1, 1, -1, 0, -1] : -0.197541
[0, -1, 1, -1, 1, 0, -1] : -0.197541
[-1, 1, 0, -1, 1, 0, -1] : -0.197541
[-1, 0, 1, 1, -1, 0, -1] : -0.197541
[-1, 0, 1, -1, 1, 0, -1] : -0.197541
[-1, 1, 0, 1, -1, 0, -1] : -0.197541
[-1, 0, 0, -1, -1, 1, 0] : -0.201404
[0, 0, -1, -1, -1, 1, 0] : -0.201404
[0, -1, 0, -1, -1, 1, 0] : -0.201404
[0, 0, -1, 1, 0, 0, -1] : -0.205155
[0, 0, -1, 0, 1, 0, -1] : -0.205155
[0, -1, 0, 1, 0, 0, -1] : -0.205155
[0, -1, 0, 0, 1, 0, -1] : -0.205155
[-1, 0, 0, 1, 0, 0, -1] : -0.205155
[-1, 0, 0, 0, 1, 0, -1] : -0.205155
[0, -1, -1, 0, 0, 0, 1] : -0.206736
[-1, 0, -1, 0, 0, 0, 1] : -0.206736
[-1, -1, 0, 0, 0, 0, 1] : -0.206736
[-1, -1, 0, 0, 1, 1, -1] : -0.211235
[0, -1, -1, 1, 0, 1, -1] : -0.211235
[0, -1, -1, 0, 1, 1, -1] : -0.211235
[-1, 0, -1, 1, 0, 1, -1] : -0.211235
[-1, 0, -1, 0, 1, 1, -1] : -0.211235
[-1, -1, 0, 1, 0, 1, -1] : -0.211235
[0, 0, 0, 0, -1, 0, -1] : -0.216857
[0, 0, 0, -1, 0, 0, -1] : -0.216857
[0, 0, 0, 1, -1, -1, 0] : -0.217152
[0, 0, 0, -1, 1, -1, 0] : -0.217152
[0, 0, 0, 1, 1, -1, -1] : -0.218172
[-1, 1, -1, 0, 0, 0, 0] : -0.218926
[-1, -1, 1, 0, 0, 0, 0] : -0.218926
[1, -1, -1, 0, 0, 0, 0] : -0.218926
[-1, -1, -1, 1, 0, 1, 0] : -0.222575
[-1, -1, -1, 0, 1, 1, 0] : -0.222575
[1, -1, -1, 1, 1, -1, 0] : -0.233392
[-1, 1, -1, 1, 1, -1, 0] : -0.233392
[-1, -1, 1, 1, 1, -1, 0] : -0.233392
[-1, 0, -1, 1, -1, 0, 1] : -0.235069
[-1, 0, -1, -1, 1, 0, 1] : -0.235069
[0, -1, -1, 1, -1, 0, 1] : -0.235069
[0, -1, -1, -1, 1, 0, 1] : -0.235069
[-1, -1, 0, 1, -1, 0, 1] : -0.235069
[-1, -1, 0, -1, 1, 0, 1] : -0.235069
[-1, 1, -1, -1, 1, 0, 0] : -0.23522
[1, -1, -1, 1, -1, 0, 0] : -0.23522
[1, -1, -1, -1, 1, 0, 0] : -0.23522
[-1, 1, -1, 1, -1, 0, 0] : -0.23522
[-1, -1, 1, 1, -1, 0, 0] : -0.23522
[-1, -1, 1, -1, 1, 0, 0] : -0.23522
[0, -1, -1, 1, 0, 0, 0] : -0.244031
[-1, 0, -1, 1, 0, 0, 0] : -0.244031
[-1, -1, 0, 0, 1, 0, 0] : -0.244031
[0, -1, -1, 0, 1, 0, 0] : -0.244031
[-1, 0, -1, 0, 1, 0, 0] : -0.244031
[-1, -1, 0, 1, 0, 0, 0] : -0.244031
[0, -1, 0, 0, -1, 1, -1] : -0.245931
[0, -1, 0, -1, 0, 1, -1] : -0.245931
[-1, 0, 0, 0, -1, 1, -1] : -0.245931
[-1, 0, 0, -1, 0, 1, -1] : -0.245931
[0, 0, -1, 0, -1, 1, -1] : -0.245931
[0, 0, -1, -1, 0, 1, -1] : -0.245931
[0, 0, -1, 0, -1, 0, 0] : -0.25568
[0, 0, -1, -1, 0, 0, 0] : -0.25568
[0, -1, 0, 0, -1, 0, 0] : -0.25568
[-1, 0, 0, -1, 0, 0, 0] : -0.25568
[0, -1, 0, -1, 0, 0, 0] : -0.25568
[-1, 0, 0, 0, -1, 0, 0] : -0.25568
[0, 0, -1, -1, -1, 0, 1] : -0.257779
[0, -1, 0, -1, -1, 0, 1] : -0.257779
[-1, 0, 0, -1, -1, 0, 1] : -0.257779
[1, 1, -1, 0, -1, -1, 0] : -0.260776
[1, 1, -1, -1, 0, -1, 0] : -0.260776
[1, -1, 1, 0, -1, -1, 0] : -0.260776
[1, -1, 1, -1, 0, -1, 0] : -0.260776
[-1, 1, 1, 0, -1, -1, 0] : -0.260777
[-1, 1, 1, -1, 0, -1, 0] : -0.260777
[-1, 1, 0, 0, -1, -1, 1] : -0.261802
[-1, 1, 0, -1, 0, -1, 1] : -0.261802
[1, 0, -1, 0, -1, -1, 1] : -0.261802
[1, 0, -1, -1, 0, -1, 1] : -0.261802
[1, -1, 0, 0, -1, -1, 1] : -0.261802
[1, -1, 0, -1, 0, -1, 1] : -0.261802
[0, 1, -1, 0, -1, -1, 1] : -0.261802
[0, 1, -1, -1, 0, -1, 1] : -0.261802
[0, -1, 1, 0, -1, -1, 1] : -0.261802
[0, -1, 1, -1, 0, -1, 1] : -0.261802
[-1, 0, 1, 0, -1, -1, 1] : -0.261802
[-1, 0, 1, -1, 0, -1, 1] : -0.261802
[0, 0, -1, 0, 0, -1, 1] : -0.262252
[0, -1, 0, 0, 0, -1, 1] : -0.262252
[-1, 0, 0, 0, 0, -1, 1] : -0.262252
[1, -1, 0, -1, -1, 0, 0] : -0.265045
[0, -1, 1, -1, -1, 0, 0] : -0.265045
[-1, 1, 0, -1, -1, 0, 0] : -0.265045
[-1, 0, 1, -1, -1, 0, 0] : -0.265045
[1, 0, -1, -1, -1, 0, 0] : -0.265045
[0, 1, -1, -1, -1, 0, 0] : -0.265045
[1, 0, -1, 0, 0, -1, 0] : -0.268465
[1, -1, 0, 0, 0, -1, 0] : -0.268465
[0, 1, -1, 0, 0, -1, 0] : -0.268465
[-1, 1, 0, 0, 0, -1, 0] : -0.268465
[0, -1, 1, 0, 0, -1, 0] : -0.268465
[-1, 0, 1, 0, 0, -1, 0] : -0.268465
[1, -1, -1, 1, 0, 0, -1] : -0.285692
[1, -1, -1, 0, 1, 0, -1] : -0.285692
[-1, 1, -1, 1, 0, 0, -1] : -0.285692
[-1, 1, -1, 0, 1, 0, -1] : -0.285692
[-1, -1, 1, 1, 0, 0, -1] : -0.285692
[-1, -1, 1, 0, 1, 0, -1] : -0.285692
[0, -1, 0, 0, 1, -1, 0] : -0.28631
[-1, 0, 0, 0, 1, -1, 0] : -0.28631
[0, 0, -1, 1, 0, -1, 0] : -0.286311
[0, 0, -1, 0, 1, -1, 0] : -0.286311
[0, -1, 0, 1, 0, -1, 0] : -0.286311
[-1, 0, 0, 1, 0, -1, 0] : -0.286311
[-1, -1, 0, 0, -1, 1, 0] : -0.291355
[-1, -1, 0, -1, 0, 1, 0] : -0.291355
[0, -1, -1, 0, -1, 1, 0] : -0.291355
[0, -1, -1, -1, 0, 1, 0] : -0.291355
[-1, 0, -1, 0, -1, 1, 0] : -0.291355
[-1, 0, -1, -1, 0, 1, 0] : -0.291355
[0, 1, -1, -1, 1, -1, 0] : -0.291755
[-1, 0, 1, -1, 1, -1, 0] : -0.291755
[1, 0, -1, 1, -1, -1, 0] : -0.291755
[1, 0, -1, -1, 1, -1, 0] : -0.291755
[1, -1, 0, 1, -1, -1, 0] : -0.291755
[1, -1, 0, -1, 1, -1, 0] : -0.291755
[0, 1, -1, 1, -1, -1, 0] : -0.291755
[0, -1, 1, -1, 1, -1, 0] : -0.291755
[-1, 1, 0, 1, -1, -1, 0] : -0.291755
[-1, 1, 0, -1, 1, -1, 0] : -0.291755
[-1, 0, 1, 1, -1, -1, 0] : -0.291755
[0, -1, 1, 1, -1, -1, 0] : -0.291755
[0, 0, -1, 1, -1, -1, 1] : -0.293546
[0, 0, -1, -1, 1, -1, 1] : -0.293546
[0, -1, 0, 1, -1, -1, 1] : -0.293546
[0, -1, 0, -1, 1, -1, 1] : -0.293546
[-1, 0, 0, 1, -1, -1, 1] : -0.293546
[-1, 0, 0, -1, 1, -1, 1] : -0.293546
[0, 0, -1, 0, 0, 0, -1] : -0.295946
[0, -1, 0, 0, 0, 0, -1] : -0.295946
[-1, 0, 0, 0, 0, 0, -1] : -0.295946
[0, 0, 1, 0, 0, -1, -1] : -0.29619
[1, 0, 0, 0, 0, -1, -1] : -0.29619
[0, 1, 0, 0, 0, -1, -1] : -0.29619
[-1, -1, -1, 1, 0, 0, 1] : -0.29881
[-1, -1, -1, 0, 1, 0, 1] : -0.29881
[1, 0, -1, 0, -1, 0, -1] : -0.306225
[1, 0, -1, -1, 0, 0, -1] : -0.306225
[1, -1, 0, 0, -1, 0, -1] : -0.306225
[1, -1, 0, -1, 0, 0, -1] : -0.306225
[0, 1, -1, -1, 0, 0, -1] : -0.306225
[-1, 1, 0, -1, 0, 0, -1] : -0.306225
[-1, 0, 1, -1, 0, 0, -1] : -0.306225
[0, 1, -1, 0, -1, 0, -1] : -0.306225
[0, -1, 1, -1, 0, 0, -1] : -0.306225
[-1, 1, 0, 0, -1, 0, -1] : -0.306225
[-1, 0, 1, 0, -1, 0, -1] : -0.306225
[0, -1, 1, 0, -1, 0, -1] : -0.306225
[0, 0, 0, 0, -1, -1, 0] : -0.30702
[0, 0, 0, -1, 0, -1, 0] : -0.30702
[0, 0, 0, -1, -1, -1, 1] : -0.309505
[0, 0, 0, 1, 0, -1, -1] : -0.314999
[0, 0, 0, 0, 1, -1, -1] : -0.314999
[-1, -1, 0, 1, 1, 0, -1] : -0.317098
[-1, 0, -1, 1, 1, 0, -1] : -0.317098
[0, -1, -1, 1, 1, 0, -1] : -0.317098
[1, 0, 0, -1, -1, -1, 0] : -0.320802
[0, 1, 0, -1, -1, -1, 0] : -0.320802
[0, 0, 1, -1, -1, -1, 0] : -0.320802
[0, -1, -1, 0, 0, 1, -1] : -0.33015
[-1, 0, -1, 0, 0, 1, -1] : -0.33015
[-1, -1, 0, 0, 0, 1, -1] : -0.33015
[-1, 0, 0, 1, -1, 0, -1] : -0.330845
[0, 0, -1, 1, -1, 0, -1] : -0.330845
[0, 0, -1, -1, 1, 0, -1] : -0.330845
[0, -1, 0, 1, -1, 0, -1] : -0.330845
[0, -1, 0, -1, 1, 0, -1] : -0.330845
[-1, 0, 0, -1, 1, 0, -1] : -0.330845
[1, -1, -1, 0, 0, -1, 1] : -0.334054
[-1, 1, -1, 0, 0, -1, 1] : -0.334054
[-1, -1, 1, 0, 0, -1, 1] : -0.334054
[-1, -1, -1, 1, 1, 0, 0] : -0.349427
[0, -1, -1, 0, 0, 0, 0] : -0.352422
[-1, 0, -1, 0, 0, 0, 0] : -0.352422
[-1, -1, 0, 0, 0, 0, 0] : -0.352422
[0, -1, -1, 0, -1, 0, 1] : -0.354542
[0, -1, -1, -1, 0, 0, 1] : -0.354542
[-1, 0, -1, 0, -1, 0, 1] : -0.354542
[-1, -1, 0, 0, -1, 0, 1] : -0.354542
[-1, -1, 0, -1, 0, 0, 1] : -0.354542
[-1, 0, -1, -1, 0, 0, 1] : -0.354542
[-1, -1, 0, 0, 1, -1, 1] : -0.357251
[0, -1, -1, 1, 0, -1, 1] : -0.357251
[0, -1, -1, 0, 1, -1, 1] : -0.357251
[-1, 0, -1, 1, 0, -1, 1] : -0.357251
[-1, 0, -1, 0, 1, -1, 1] : -0.357251
[-1, -1, 0, 1, 0, -1, 1] : -0.357251
[-1, -1, -1, 0, 0, 1, 0] : -0.364818
[-1, 1, -1, 0, -1, 0, 0] : -0.369127
[1, -1, -1, 0, -1, 0, 0] : -0.369127
[1, -1, -1, -1, 0, 0, 0] : -0.369127
[-1, 1, -1, -1, 0, 0, 0] : -0.369127
[-1, -1, 1, 0, -1, 0, 0] : -0.369127
[-1, -1, 1, -1, 0, 0, 0] : -0.369127
[1, -1, -1, 0, 1, -1, 0] : -0.372873
[-1, -1, 1, 1, 0, -1, 0] : -0.372873
[-1, -1, 1, 0, 1, -1, 0] : -0.372873
[1, -1, -1, 1, 0, -1, 0] : -0.372873
[-1, 1, -1, 1, 0, -1, 0] : -0.372873
[-1, 1, -1, 0, 1, -1, 0] : -0.372873
[0, 0, -1, 0, 0, -1, 0] : -0.387042
[0, -1, 0, 0, 0, -1, 0] : -0.387042
[-1, 0, 0, 0, 0, -1, 0] : -0.387042
[0, -1, -1, 1, -1, 0, 0] : -0.392534
[0, -1, -1, -1, 1, 0, 0] : -0.392534
[-1, -1, 0, 1, -1, 0, 0] : -0.392534
[-1, 0, -1, 1, -1, 0, 0] : -0.392534
[-1, 0, -1, -1, 1, 0, 0] : -0.392534
[-1, -1, 0, -1, 1, 0, 0] : -0.392534
[0, 0, -1, -1, -1, 0, 0] : -0.395302
[0, -1, 0, -1, -1, 0, 0] : -0.395302
[-1, 0, 0, -1, -1, 0, 0] : -0.395302
[0, -1, -1, 1, 1, -1, 0] : -0.396497
[-1, 0, -1, 1, 1, -1, 0] : -0.396497
[-1, -1, 0, 1, 1, -1, 0] : -0.396497
[-1, 1, -1, 0, 0, 0, -1] : -0.398753
[1, -1, -1, 0, 0, 0, -1] : -0.398753
[-1, -1, 1, 0, 0, 0, -1] : -0.398753
[-1, 0, 0, -1, 0, -1, 1] : -0.399234
[0, 0, -1, 0, -1, -1, 1] : -0.399234
[0, 0, -1, -1, 0, -1, 1] : -0.399234
[0, -1, 0, 0, -1, -1, 1] : -0.399234
[0, -1, 0, -1, 0, -1, 1] : -0.399234
[-1, 0, 0, 0, -1, -1, 1] : -0.399234
[0, 0, 0, 0, 0, -1, -1] : -0.40306
[1, -1, 0, 0, -1, -1, 0] : -0.4096
[1, -1, 0, -1, 0, -1, 0] : -0.4096
[0, 1, -1, 0, -1, -1, 0] : -0.4096
[0, -1, 1, 0, -1, -1, 0] : -0.4096
[-1, 1, 0, 0, -1, -1, 0] : -0.4096
[-1, 0, 1, 0, -1, -1, 0] : -0.4096
[-1, 0, 1, -1, 0, -1, 0] : -0.4096
[1, 0, -1, 0, -1, -1, 0] : -0.4096
[1, 0, -1, -1, 0, -1, 0] : -0.4096
[0, 1, -1, -1, 0, -1, 0] : -0.4096
[0, -1, 1, -1, 0, -1, 0] : -0.4096
[-1, 1, 0, -1, 0, -1, 0] : -0.4096
[-1, 0, -1, 1, 0, 0, -1] : -0.4179
[-1, 0, -1, 0, 1, 0, -1] : -0.4179
[0, -1, -1, 1, 0, 0, -1] : -0.4179
[0, -1, -1, 0, 1, 0, -1] : -0.4179
[-1, -1, 0, 1, 0, 0, -1] : -0.4179
[-1, -1, 0, 0, 1, 0, -1] : -0.4179
[0, 0, -1, 0, -1, 0, -1] : -0.419957
[0, 0, -1, -1, 0, 0, -1] : -0.419957
[0, -1, 0, 0, -1, 0, -1] : -0.419957
[0, -1, 0, -1, 0, 0, -1] : -0.419957
[-1, 0, 0, 0, -1, 0, -1] : -0.419957
[-1, 0, 0, -1, 0, 0, -1] : -0.419957
[0, 0, -1, 1, -1, -1, 0] : -0.424708
[0, 0, -1, -1, 1, -1, 0] : -0.424708
[0, -1, 0, 1, -1, -1, 0] : -0.424708
[0, -1, 0, -1, 1, -1, 0] : -0.424708
[-1, 0, 0, 1, -1, -1, 0] : -0.424708
[-1, 0, 0, -1, 1, -1, 0] : -0.424708
[-1, -1, -1, 0, 0, 0, 1] : -0.428479
[0, 0, 0, -1, -1, -1, 0] : -0.43531
[0, -1, -1, 0, 0, -1, 1] : -0.467133
[-1, 0, -1, 0, 0, -1, 1] : -0.467133
[-1, -1, 0, 0, 0, -1, 1] : -0.467133
[-1, -1, -1, 0, 1, 0, 0] : -0.470755
[-1, -1, -1, 1, 0, 0, 0] : -0.470756
[1, -1, -1, 0, 0, -1, 0] : -0.493161
[-1, 1, -1, 0, 0, -1, 0] : -0.493161
[-1, -1, 1, 0, 0, -1, 0] : -0.493161
[-1, -1, 0, 0, -1, 0, 0] : -0.498569
[-1, -1, 0, -1, 0, 0, 0] : -0.498569
[0, -1, -1, 0, -1, 0, 0] : -0.498569
[0, -1, -1, -1, 0, 0, 0] : -0.498569
[-1, 0, -1, 0, -1, 0, 0] : -0.498569
[-1, 0, -1, -1, 0, 0, 0] : -0.498569
[0, -1, -1, 1, 0, -1, 0] : -0.504672
[0, -1, -1, 0, 1, -1, 0] : -0.504672
[-1, 0, -1, 1, 0, -1, 0] : -0.504672
[-1, 0, -1, 0, 1, -1, 0] : -0.504672
[-1, -1, 0, 1, 0, -1, 0] : -0.504672
[-1, -1, 0, 0, 1, -1, 0] : -0.504672
[-1, -1, 0, 0, 0, 0, -1] : -0.508211
[0, -1, -1, 0, 0, 0, -1] : -0.508211
[-1, 0, -1, 0, 0, 0, -1] : -0.508211
[-1, 0, 0, -1, 0, -1, 0] : -0.515507
[0, 0, -1, 0, -1, -1, 0] : -0.515507
[0, 0, -1, -1, 0, -1, 0] : -0.515507
[0, -1, 0, 0, -1, -1, 0] : -0.515507
[0, -1, 0, -1, 0, -1, 0] : -0.515507
[-1, 0, 0, 0, -1, -1, 0] : -0.515507
[-1, -1, -1, 0, 0, 0, 0] : -0.57815
[0, -1, -1, 0, 0, -1, 0] : -0.595713
[-1, 0, -1, 0, 0, -1, 0] : -0.595713
[-1, -1, 0, 0, 0, -1, 0] : -0.595713
[1, 1, 1, 1, -1, -1, -1] : -1
[1, 1, 1, 0, -1, -1, -1] : -1
[1, 1, 1, -1, 1, -1, -1] : -1
[1, 1, 1, -1, 0, -1, -1] : -1
[1, 1, 1, -1, -1, 1, -1] : -1
[1, 1, 1, -1, -1, 0, -1] : -1
[1, 1, 1, -1, -1, -1, -1] : -1
[1, 1, 0, 1, -1, -1, -1] : -1
[1, 1, 0, 0, -1, -1, -1] : -1
[1, 1, 0, -1, 1, -1, -1] : -1
[1, 1, 0, -1, 0, -1, -1] : -1
[1, 1, 0, -1, -1, 1, -1] : -1
[1, 1, 0, -1, -1, 0, -1] : -1
[1, 1, 0, -1, -1, -1, -1] : -1
[1, 1, -1, 1, 1, -1, -1] : -1
[1, 1, -1, 1, 0, -1, -1] : -1
[1, 1, -1, 1, -1, -1, -1] : -1
[1, 1, -1, 0, 1, -1, -1] : -1
[1, 1, -1, 0, 0, -1, -1] : -1
[1, 1, -1, 0, -1, -1, -1] : -1
[1, 1, -1, -1, 1, -1, -1] : -1
[1, 1, -1, -1, 0, -1, -1] : -1
[1, 1, -1, -1, -1, 1, -1] : -1
[1, 1, -1, -1, -1, 0, -1] : -1
[1, 1, -1, -1, -1, -1, 1] : -1
[1, 1, -1, -1, -1, -1, 0] : -1
[1, 1, -1, -1, -1, -1, -1] : -1
[1, 0, 1, 1, -1, -1, -1] : -1
[1, 0, 1, 0, -1, -1, -1] : -1
[1, 0, 1, -1, 1, -1, -1] : -1
[1, 0, 1, -1, 0, -1, -1] : -1
[1, 0, 1, -1, -1, 1, -1] : -1
[1, 0, 1, -1, -1, 0, -1] : -1
[1, 0, 1, -1, -1, -1, -1] : -1
[1, 0, 0, 1, -1, -1, -1] : -1
[1, 0, 0, 0, -1, -1, -1] : -1
[1, 0, 0, -1, 1, -1, -1] : -1
[1, 0, 0, -1, 0, -1, -1] : -1
[1, 0, 0, -1, -1, 1, -1] : -1
[1, 0, 0, -1, -1, 0, -1] : -1
[1, 0, 0, -1, -1, -1, -1] : -1
[1, 0, -1, 1, 1, -1, -1] : -1
[1, 0, -1, 1, 0, -1, -1] : -1
[1, 0, -1, 1, -1, -1, -1] : -1
[1, 0, -1, 0, 1, -1, -1] : -1
[1, 0, -1, 0, 0, -1, -1] : -1
[1, 0, -1, 0, -1, -1, -1] : -1
[1, 0, -1, -1, 1, -1, -1] : -1
[1, 0, -1, -1, 0, -1, -1] : -1
[1, 0, -1, -1, -1, 1, -1] : -1
[1, 0, -1, -1, -1, 0, -1] : -1
[1, 0, -1, -1, -1, -1, 1] : -1
[1, 0, -1, -1, -1, -1, 0] : -1
[1, 0, -1, -1, -1, -1, -1] : -1
[1, -1, 1, 1, 1, -1, -1] : -1
[1, -1, 1, 1, 0, -1, -1] : -1
[1, -1, 1, 1, -1, -1, -1] : -1
[1, -1, 1, 0, 1, -1, -1] : -1
[1, -1, 1, 0, 0, -1, -1] : -1
[1, -1, 1, 0, -1, -1, -1] : -1
[1, -1, 1, -1, 1, -1, -1] : -1
[1, -1, 1, -1, 0, -1, -1] : -1
[1, -1, 1, -1, -1, 1, -1] : -1
[1, -1, 1, -1, -1, 0, -1] : -1
[1, -1, 1, -1, -1, -1, 1] : -1
[1, -1, 1, -1, -1, -1, 0] : -1
[1, -1, 1, -1, -1, -1, -1] : -1
[1, -1, 0, 1, 1, -1, -1] : -1
[1, -1, 0, 1, 0, -1, -1] : -1
[1, -1, 0, 1, -1, -1, -1] : -1
[1, -1, 0, 0, 1, -1, -1] : -1
[1, -1, 0, 0, 0, -1, -1] : -1
[1, -1, 0, 0, -1, -1, -1] : -1
[1, -1, 0, -1, 1, -1, -1] : -1
[1, -1, 0, -1, 0, -1, -1] : -1
[1, -1, 0, -1, -1, 1, -1] : -1
[1, -1, 0, -1, -1, 0, -1] : -1
[1, -1, 0, -1, -1, -1, 1] : -1
[1, -1, 0, -1, -1, -1, 0] : -1
[1, -1, 0, -1, -1, -1, -1] : -1
[1, -1, -1, 1, 1, -1, -1] : -1
[1, -1, -1, 1, 0, -1, -1] : -1
[1, -1, -1, 1, -1, 1, -1] : -1
[1, -1, -1, 1, -1, 0, -1] : -1
[1, -1, -1, 1, -1, -1, 1] : -1
[1, -1, -1, 1, -1, -1, 0] : -1
[1, -1, -1, 1, -1, -1, -1] : -1
[1, -1, -1, 0, 1, -1, -1] : -1
[1, -1, -1, 0, 0, -1, -1] : -1
[1, -1, -1, 0, -1, 1, -1] : -1
[1, -1, -1, 0, -1, 0, -1] : -1
[1, -1, -1, 0, -1, -1, 1] : -1
[1, -1, -1, 0, -1, -1, 0] : -1
[1, -1, -1, 0, -1, -1, -1] : -1
[1, -1, -1, -1, 1, 1, -1] : -1
[1, -1, -1, -1, 1, 0, -1] : -1
[1, -1, -1, -1, 1, -1, 1] : -1
[1, -1, -1, -1, 1, -1, 0] : -1
[1, -1, -1, -1, 1, -1, -1] : -1
[1, -1, -1, -1, 0, 1, -1] : -1
[1, -1, -1, -1, 0, 0, -1] : -1
[1, -1, -1, -1, 0, -1, 1] : -1
[1, -1, -1, -1, 0, -1, 0] : -1
[1, -1, -1, -1, 0, -1, -1] : -1
[1, -1, -1, -1, -1, 1, 0] : -1
[1, -1, -1, -1, -1, 1, -1] : -1
[1, -1, -1, -1, -1, 0, 1] : -1
[1, -1, -1, -1, -1, 0, 0] : -1
[1, -1, -1, -1, -1, 0, -1] : -1
[1, -1, -1, -1, -1, -1, 1] : -1
[1, -1, -1, -1, -1, -1, 0] : -1
[1, -1, -1, -1, -1, -1, -1] : -1
[0, 1, 1, 1, -1, -1, -1] : -1
[0, 1, 1, 0, -1, -1, -1] : -1
[0, 1, 1, -1, 1, -1, -1] : -1
[0, 1, 1, -1, 0, -1, -1] : -1
[0, 1, 1, -1, -1, 1, -1] : -1
[0, 1, 1, -1, -1, 0, -1] : -1
[0, 1, 1, -1, -1, -1, -1] : -1
[0, 1, 0, 1, -1, -1, -1] : -1
[0, 1, 0, 0, -1, -1, -1] : -1
[0, 1, 0, -1, 1, -1, -1] : -1
[0, 1, 0, -1, 0, -1, -1] : -1
[0, 1, 0, -1, -1, 1, -1] : -1
[0, 1, 0, -1, -1, 0, -1] : -1
[0, 1, 0, -1, -1, -1, -1] : -1
[0, 1, -1, 1, 1, -1, -1] : -1
[0, 1, -1, 1, 0, -1, -1] : -1
[0, 1, -1, 1, -1, -1, -1] : -1
[0, 1, -1, 0, 1, -1, -1] : -1
[0, 1, -1, 0, 0, -1, -1] : -1
[0, 1, -1, 0, -1, -1, -1] : -1
[0, 1, -1, -1, 1, -1, -1] : -1
[0, 1, -1, -1, 0, -1, -1] : -1
[0, 1, -1, -1, -1, 1, -1] : -1
[0, 1, -1, -1, -1, 0, -1] : -1
[0, 1, -1, -1, -1, -1, 1] : -1
[0, 1, -1, -1, -1, -1, 0] : -1
[0, 1, -1, -1, -1, -1, -1] : -1
[0, 0, 1, 1, -1, -1, -1] : -1
[0, 0, 1, 0, -1, -1, -1] : -1
[0, 0, 1, -1, 1, -1, -1] : -1
[0, 0, 1, -1, 0, -1, -1] : -1
[0, 0, 1, -1, -1, 1, -1] : -1
[0, 0, 1, -1, -1, 0, -1] : -1
[0, 0, 1, -1, -1, -1, -1] : -1
[0, 0, 0, 1, -1, -1, -1] : -1
[0, 0, 0, 0, -1, -1, -1] : -1
[0, 0, 0, -1, 1, -1, -1] : -1
[0, 0, 0, -1, 0, -1, -1] : -1
[0, 0, 0, -1, -1, 1, -1] : -1
[0, 0, 0, -1, -1, 0, -1] : -1
[0, 0, 0, -1, -1, -1, -1] : -1
[0, 0, -1, 1, 1, -1, -1] : -1
[0, 0, -1, 1, 0, -1, -1] : -1
[0, 0, -1, 1, -1, -1, -1] : -1
[0, 0, -1, 0, 1, -1, -1] : -1
[0, 0, -1, 0, 0, -1, -1] : -1
[0, 0, -1, 0, -1, -1, -1] : -1
[0, 0, -1, -1, 1, -1, -1] : -1
[0, 0, -1, -1, 0, -1, -1] : -1
[0, 0, -1, -1, -1, 1, -1] : -1
[0, 0, -1, -1, -1, 0, -1] : -1
[0, 0, -1, -1, -1, -1, 1] : -1
[0, 0, -1, -1, -1, -1, 0] : -1
[0, 0, -1, -1, -1, -1, -1] : -1
[0, -1, 1, 1, 1, -1, -1] : -1
[0, -1, 1, 1, 0, -1, -1] : -1
[0, -1, 1, 1, -1, -1, -1] : -1
[0, -1, 1, 0, 1, -1, -1] : -1
[0, -1, 1, 0, 0, -1, -1] : -1
[0, -1, 1, 0, -1, -1, -1] : -1
[0, -1, 1, -1, 1, -1, -1] : -1
[0, -1, 1, -1, 0, -1, -1] : -1
[0, -1, 1, -1, -1, 1, -1] : -1
[0, -1, 1, -1, -1, 0, -1] : -1
[0, -1, 1, -1, -1, -1, 1] : -1
[0, -1, 1, -1, -1, -1, 0] : -1
[0, -1, 1, -1, -1, -1, -1] : -1
[0, -1, 0, 1, 1, -1, -1] : -1
[0, -1, 0, 1, 0, -1, -1] : -1
[0, -1, 0, 1, -1, -1, -1] : -1
[0, -1, 0, 0, 1, -1, -1] : -1
[0, -1, 0, 0, 0, -1, -1] : -1
[0, -1, 0, 0, -1, -1, -1] : -1
[0, -1, 0, -1, 1, -1, -1] : -1
[0, -1, 0, -1, 0, -1, -1] : -1
[0, -1, 0, -1, -1, 1, -1] : -1
[0, -1, 0, -1, -1, 0, -1] : -1
[0, -1, 0, -1, -1, -1, 1] : -1
[0, -1, 0, -1, -1, -1, 0] : -1
[0, -1, 0, -1, -1, -1, -1] : -1
[0, -1, -1, 1, 1, -1, -1] : -1
[0, -1, -1, 1, 0, -1, -1] : -1
[0, -1, -1, 1, -1, 1, -1] : -1
[0, -1, -1, 1, -1, 0, -1] : -1
[0, -1, -1, 1, -1, -1, 1] : -1
[0, -1, -1, 1, -1, -1, 0] : -1
[0, -1, -1, 1, -1, -1, -1] : -1
[0, -1, -1, 0, 1, -1, -1] : -1
[0, -1, -1, 0, 0, -1, -1] : -1
[0, -1, -1, 0, -1, 1, -1] : -1
[0, -1, -1, 0, -1, 0, -1] : -1
[0, -1, -1, 0, -1, -1, 1] : -1
[0, -1, -1, 0, -1, -1, 0] : -1
[0, -1, -1, 0, -1, -1, -1] : -1
[0, -1, -1, -1, 1, 1, -1] : -1
[0, -1, -1, -1, 1, 0, -1] : -1
[0, -1, -1, -1, 1, -1, 1] : -1
[0, -1, -1, -1, 1, -1, 0] : -1
[0, -1, -1, -1, 1, -1, -1] : -1
[0, -1, -1, -1, 0, 1, -1] : -1
[0, -1, -1, -1, 0, 0, -1] : -1
[0, -1, -1, -1, 0, -1, 1] : -1
[0, -1, -1, -1, 0, -1, 0] : -1
[0, -1, -1, -1, 0, -1, -1] : -1
[0, -1, -1, -1, -1, 1, 1] : -1
[0, -1, -1, -1, -1, 1, 0] : -1
[0, -1, -1, -1, -1, 1, -1] : -1
[0, -1, -1, -1, -1, 0, 1] : -1
[0, -1, -1, -1, -1, 0, 0] : -1
[0, -1, -1, -1, -1, 0, -1] : -1
[0, -1, -1, -1, -1, -1, 1] : -1
[0, -1, -1, -1, -1, -1, 0] : -1
[0, -1, -1, -1, -1, -1, -1] : -1
[-1, 1, 1, 1, 1, -1, -1] : -1
[-1, 1, 1, 1, 0, -1, -1] : -1
[-1, 1, 1, 1, -1, -1, -1] : -1
[-1, 1, 1, 0, 1, -1, -1] : -1
[-1, 1, 1, 0, 0, -1, -1] : -1
[-1, 1, 1, 0, -1, -1, -1] : -1
[-1, 1, 1, -1, 1, -1, -1] : -1
[-1, 1, 1, -1, 0, -1, -1] : -1
[-1, 1, 1, -1, -1, 1, -1] : -1
[-1, 1, 1, -1, -1, 0, -1] : -1
[-1, 1, 1, -1, -1, -1, 1] : -1
[-1, 1, 1, -1, -1, -1, 0] : -1
[-1, 1, 1, -1, -1, -1, -1] : -1
[-1, 1, 0, 1, 1, -1, -1] : -1
[-1, 1, 0, 1, 0, -1, -1] : -1
[-1, 1, 0, 1, -1, -1, -1] : -1
[-1, 1, 0, 0, 1, -1, -1] : -1
[-1, 1, 0, 0, 0, -1, -1] : -1
[-1, 1, 0, 0, -1, -1, -1] : -1
[-1, 1, 0, -1, 1, -1, -1] : -1
[-1, 1, 0, -1, 0, -1, -1] : -1
[-1, 1, 0, -1, -1, 1, -1] : -1
[-1, 1, 0, -1, -1, 0, -1] : -1
[-1, 1, 0, -1, -1, -1, 1] : -1
[-1, 1, 0, -1, -1, -1, 0] : -1
[-1, 1, 0, -1, -1, -1, -1] : -1
[-1, 1, -1, 1, 1, -1, -1] : -1
[-1, 1, -1, 1, 0, -1, -1] : -1
[-1, 1, -1, 1, -1, 1, -1] : -1
[-1, 1, -1, 1, -1, 0, -1] : -1
[-1, 1, -1, 1, -1, -1, 1] : -1
[-1, 1, -1, 1, -1, -1, 0] : -1
[-1, 1, -1, 1, -1, -1, -1] : -1
[-1, 1, -1, 0, 1, -1, -1] : -1
[-1, 1, -1, 0, 0, -1, -1] : -1
[-1, 1, -1, 0, -1, 1, -1] : -1
[-1, 1, -1, 0, -1, 0, -1] : -1
[-1, 1, -1, 0, -1, -1, 1] : -1
[-1, 1, -1, 0, -1, -1, 0] : -1
[-1, 1, -1, 0, -1, -1, -1] : -1
[-1, 1, -1, -1, 1, 1, -1] : -1
[-1, 1, -1, -1, 1, 0, -1] : -1
[-1, 1, -1, -1, 1, -1, 1] : -1
[-1, 1, -1, -1, 1, -1, 0] : -1
[-1, 1, -1, -1, 1, -1, -1] : -1
[-1, 1, -1, -1, 0, 1, -1] : -1
[-1, 1, -1, -1, 0, 0, -1] : -1
[-1, 1, -1, -1, 0, -1, 1] : -1
[-1, 1, -1, -1, 0, -1, 0] : -1
[-1, 1, -1, -1, 0, -1, -1] : -1
[-1, 1, -1, -1, -1, 1, 0] : -1
[-1, 1, -1, -1, -1, 1, -1] : -1
[-1, 1, -1, -1, -1, 0, 1] : -1
[-1, 1, -1, -1, -1, 0, 0] : -1
[-1, 1, -1, -1, -1, 0, -1] : -1
[-1, 1, -1, -1, -1, -1, 1] : -1
[-1, 1, -1, -1, -1, -1, 0] : -1
[-1, 1, -1, -1, -1, -1, -1] : -1
[-1, 0, 1, 1, 1, -1, -1] : -1
[-1, 0, 1, 1, 0, -1, -1] : -1
[-1, 0, 1, 1, -1, -1, -1] : -1
[-1, 0, 1, 0, 1, -1, -1] : -1
[-1, 0, 1, 0, 0, -1, -1] : -1
[-1, 0, 1, 0, -1, -1, -1] : -1
[-1, 0, 1, -1, 1, -1, -1] : -1
[-1, 0, 1, -1, 0, -1, -1] : -1
[-1, 0, 1, -1, -1, 1, -1] : -1
[-1, 0, 1, -1, -1, 0, -1] : -1
[-1, 0, 1, -1, -1, -1, 1] : -1
[-1, 0, 1, -1, -1, -1, 0] : -1
[-1, 0, 1, -1, -1, -1, -1] : -1
[-1, 0, 0, 1, 1, -1, -1] : -1
[-1, 0, 0, 1, 0, -1, -1] : -1
[-1, 0, 0, 1, -1, -1, -1] : -1
[-1, 0, 0, 0, 1, -1, -1] : -1
[-1, 0, 0, 0, 0, -1, -1] : -1
[-1, 0, 0, 0, -1, -1, -1] : -1
[-1, 0, 0, -1, 1, -1, -1] : -1
[-1, 0, 0, -1, 0, -1, -1] : -1
[-1, 0, 0, -1, -1, 1, -1] : -1
[-1, 0, 0, -1, -1, 0, -1] : -1
[-1, 0, 0, -1, -1, -1, 1] : -1
[-1, 0, 0, -1, -1, -1, 0] : -1
[-1, 0, 0, -1, -1, -1, -1] : -1
[-1, 0, -1, 1, 1, -1, -1] : -1
[-1, 0, -1, 1, 0, -1, -1] : -1
[-1, 0, -1, 1, -1, 1, -1] : -1
[-1, 0, -1, 1, -1, 0, -1] : -1
[-1, 0, -1, 1, -1, -1, 1] : -1
[-1, 0, -1, 1, -1, -1, 0] : -1
[-1, 0, -1, 1, -1, -1, -1] : -1
[-1, 0, -1, 0, 1, -1, -1] : -1
[-1, 0, -1, 0, 0, -1, -1] : -1
[-1, 0, -1, 0, -1, 1, -1] : -1
[-1, 0, -1, 0, -1, 0, -1] : -1
[-1, 0, -1, 0, -1, -1, 1] : -1
[-1, 0, -1, 0, -1, -1, 0] : -1
[-1, 0, -1, 0, -1, -1, -1] : -1
[-1, 0, -1, -1, 1, 1, -1] : -1
[-1, 0, -1, -1, 1, 0, -1] : -1
[-1, 0, -1, -1, 1, -1, 1] : -1
[-1, 0, -1, -1, 1, -1, 0] : -1
[-1, 0, -1, -1, 1, -1, -1] : -1
[-1, 0, -1, -1, 0, 1, -1] : -1
[-1, 0, -1, -1, 0, 0, -1] : -1
[-1, 0, -1, -1, 0, -1, 1] : -1
[-1, 0, -1, -1, 0, -1, 0] : -1
[-1, 0, -1, -1, 0, -1, -1] : -1
[-1, 0, -1, -1, -1, 1, 1] : -1
[-1, 0, -1, -1, -1, 1, 0] : -1
[-1, 0, -1, -1, -1, 1, -1] : -1
[-1, 0, -1, -1, -1, 0, 1] : -1
[-1, 0, -1, -1, -1, 0, 0] : -1
[-1, 0, -1, -1, -1, 0, -1] : -1
[-1, 0, -1, -1, -1, -1, 1] : -1
[-1, 0, -1, -1, -1, -1, 0] : -1
[-1, 0, -1, -1, -1, -1, -1] : -1
[-1, -1, 1, 1, 1, -1, -1] : -1
[-1, -1, 1, 1, 0, -1, -1] : -1
[-1, -1, 1, 1, -1, 1, -1] : -1
[-1, -1, 1, 1, -1, 0, -1] : -1
[-1, -1, 1, 1, -1, -1, 1] : -1
[-1, -1, 1, 1, -1, -1, 0] : -1
[-1, -1, 1, 1, -1, -1, -1] : -1
[-1, -1, 1, 0, 1, -1, -1] : -1
[-1, -1, 1, 0, 0, -1, -1] : -1
[-1, -1, 1, 0, -1, 1, -1] : -1
[-1, -1, 1, 0, -1, 0, -1] : -1
[-1, -1, 1, 0, -1, -1, 1] : -1
[-1, -1, 1, 0, -1, -1, 0] : -1
[-1, -1, 1, 0, -1, -1, -1] : -1
[-1, -1, 1, -1, 1, 1, -1] : -1
[-1, -1, 1, -1, 1, 0, -1] : -1
[-1, -1, 1, -1, 1, -1, 1] : -1
[-1, -1, 1, -1, 1, -1, 0] : -1
[-1, -1, 1, -1, 1, -1, -1] : -1
[-1, -1, 1, -1, 0, 1, -1] : -1
[-1, -1, 1, -1, 0, 0, -1] : -1
[-1, -1, 1, -1, 0, -1, 1] : -1
[-1, -1, 1, -1, 0, -1, 0] : -1
[-1, -1, 1, -1, 0, -1, -1] : -1
[-1, -1, 1, -1, -1, 1, 0] : -1
[-1, -1, 1, -1, -1, 1, -1] : -1
[-1, -1, 1, -1, -1, 0, 1] : -1
[-1, -1, 1, -1, -1, 0, 0] : -1
[-1, -1, 1, -1, -1, 0, -1] : -1
[-1, -1, 1, -1, -1, -1, 1] : -1
[-1, -1, 1, -1, -1, -1, 0] : -1
[-1, -1, 1, -1, -1, -1, -1] : -1
[-1, -1, 0, 1, 1, -1, -1] : -1
[-1, -1, 0, 1, 0, -1, -1] : -1
[-1, -1, 0, 1, -1, 1, -1] : -1
[-1, -1, 0, 1, -1, 0, -1] : -1
[-1, -1, 0, 1, -1, -1, 1] : -1
[-1, -1, 0, 1, -1, -1, 0] : -1
[-1, -1, 0, 1, -1, -1, -1] : -1
[-1, -1, 0, 0, 1, -1, -1] : -1
[-1, -1, 0, 0, 0, -1, -1] : -1
[-1, -1, 0, 0, -1, 1, -1] : -1
[-1, -1, 0, 0, -1, 0, -1] : -1
[-1, -1, 0, 0, -1, -1, 1] : -1
[-1, -1, 0, 0, -1, -1, 0] : -1
[-1, -1, 0, 0, -1, -1, -1] : -1
[-1, -1, 0, -1, 1, 1, -1] : -1
[-1, -1, 0, -1, 1, 0, -1] : -1
[-1, -1, 0, -1, 1, -1, 1] : -1
[-1, -1, 0, -1, 1, -1, 0] : -1
[-1, -1, 0, -1, 1, -1, -1] : -1
[-1, -1, 0, -1, 0, 1, -1] : -1
[-1, -1, 0, -1, 0, 0, -1] : -1
[-1, -1, 0, -1, 0, -1, 1] : -1
[-1, -1, 0, -1, 0, -1, 0] : -1
[-1, -1, 0, -1, 0, -1, -1] : -1
[-1, -1, 0, -1, -1, 1, 1] : -1
[-1, -1, 0, -1, -1, 1, 0] : -1
[-1, -1, 0, -1, -1, 1, -1] : -1
[-1, -1, 0, -1, -1, 0, 1] : -1
[-1, -1, 0, -1, -1, 0, 0] : -1
[-1, -1, 0, -1, -1, 0, -1] : -1
[-1, -1, 0, -1, -1, -1, 1] : -1
[-1, -1, 0, -1, -1, -1, 0] : -1
[-1, -1, 0, -1, -1, -1, -1] : -1
[-1, -1, -1, 1, 1, 1, -1] : -1
[-1, -1, -1, 1, 1, 0, -1] : -1
[-1, -1, -1, 1, 1, -1, 0] : -1
[-1, -1, -1, 1, 1, -1, -1] : -1
[-1, -1, -1, 1, 0, 1, -1] : -1
[-1, -1, -1, 1, 0, 0, -1] : -1
[-1, -1, -1, 1, 0, -1, 1] : -1
[-1, -1, -1, 1, 0, -1, 0] : -1
[-1, -1, -1, 1, 0, -1, -1] : -1
[-1, -1, -1, 1, -1, 1, 0] : -1
[-1, -1, -1, 1, -1, 1, -1] : -1
[-1, -1, -1, 1, -1, 0, 1] : -1
[-1, -1, -1, 1, -1, 0, 0] : -1
[-1, -1, -1, 1, -1, 0, -1] : -1
[-1, -1, -1, 1, -1, -1, 1] : -1
[-1, -1, -1, 1, -1, -1, 0] : -1
[-1, -1, -1, 1, -1, -1, -1] : -1
[-1, -1, -1, 0, 1, 1, -1] : -1
[-1, -1, -1, 0, 1, 0, -1] : -1
[-1, -1, -1, 0, 1, -1, 1] : -1
[-1, -1, -1, 0, 1, -1, 0] : -1
[-1, -1, -1, 0, 1, -1, -1] : -1
[-1, -1, -1, 0, 0, 1, -1] : -1
[-1, -1, -1, 0, 0, 0, -1] : -1
[-1, -1, -1, 0, 0, -1, 1] : -1
[-1, -1, -1, 0, 0, -1, 0] : -1
[-1, -1, -1, 0, 0, -1, -1] : -1
[-1, -1, -1, 0, -1, 1, 1] : -1
[-1, -1, -1, 0, -1, 1, 0] : -1
[-1, -1, -1, 0, -1, 1, -1] : -1
[-1, -1, -1, 0, -1, 0, 1] : -1
[-1, -1, -1, 0, -1, 0, 0] : -1
[-1, -1, -1, 0, -1, 0, -1] : -1
[-1, -1, -1, 0, -1, -1, 1] : -1
[-1, -1, -1, 0, -1, -1, 0] : -1
[-1, -1, -1, 0, -1, -1, -1] : -1
[-1, -1, -1, -1, 1, 1, 0] : -1
[-1, -1, -1, -1, 1, 1, -1] : -1
[-1, -1, -1, -1, 1, 0, 1] : -1
[-1, -1, -1, -1, 1, 0, 0] : -1
[-1, -1, -1, -1, 1, 0, -1] : -1
[-1, -1, -1, -1, 1, -1, 1] : -1
[-1, -1, -1, -1, 1, -1, 0] : -1
[-1, -1, -1, -1, 1, -1, -1] : -1
[-1, -1, -1, -1, 0, 1, 1] : -1
[-1, -1, -1, -1, 0, 1, 0] : -1
[-1, -1, -1, -1, 0, 1, -1] : -1
[-1, -1, -1, -1, 0, 0, 1] : -1
[-1, -1, -1, -1, 0, 0, 0] : -1
[-1, -1, -1, -1, 0, 0, -1] : -1
[-1, -1, -1, -1, 0, -1, 1] : -1
[-1, -1, -1, -1, 0, -1, 0] : -1
[-1, -1, -1, -1, 0, -1, -1] : -1
[-1, -1, -1, -1, -1, 1, 1] : -1
[-1, -1, -1, -1, -1, 1, 0] : -1
[-1, -1, -1, -1, -1, 1, -1] : -1
[-1, -1, -1, -1, -1, 0, 1] : -1
[-1, -1, -1, -1, -1, 0, 0] : -1
[-1, -1, -1, -1, -1, 0, -1] : -1
[-1, -1, -1, -1, -1, -1, 1] : -1
[-1, -1, -1, -1, -1, -1, 0] : -1
[-1, -1, -1, -1, -1, -1, -1] : -1
