[0, 0, 1, 0, 0, 4, 2] : 0.310503
[0, 0, 0, 2, 0, 4, 1] : 0.308591
[0, 1, 0, 0, 0, 4, 2] : 0.307983
[0, 2, 0, 1, 0, 4, 0] : 0.30492
[0, 0, 0, 0, 0, 4, 3] : 0.304048
[0, 0, 1, 0, 0, 1, 5] : 0.302519
[0, 0, 0, 1, 0, 4, 2] : 0.301937
[2, 0, 0, 1, 0, 4, 0] : 0.300396
[2, 0, 0, 0, 1, 4, 0] : 0.300165
[0, 0, 0, 3, 0, 4, 0] : 0.299653
[0, 2, 0, 0, 1, 4, 0] : 0.299502
[1, 0, 0, 0, 0, 4, 2] : 0.2982
[0, 0, 2, 0, 0, 4, 1] : 0.298097
[0, 0, 0, 0, 1, 4, 2] : 0.295608
[0, 2, 0, 0, 0, 4, 1] : 0.295458
[0, 0, 0, 0, 2, 4, 1] : 0.294978
[2, 0, 0, 0, 0, 4, 1] : 0.292962
[0, 1, 0, 0, 0, 1, 5] : 0.292953
[1, 0, 0, 0, 0, 1, 5] : 0.292898
[0, 0, 2, 0, 1, 4, 0] : 0.29196
[0, 0, 0, 1, 0, 1, 5] : 0.291216
[0, 0, 2, 1, 0, 4, 0] : 0.288891
[0, 0, 0, 0, 0, 2, 5] : 0.288222
[0, 0, 1, 1, 0, 4, 1] : 0.285894
[0, 0, 0, 0, 1, 1, 5] : 0.284052
[0, 1, 1, 0, 0, 4, 1] : 0.283412
[1, 1, 0, 0, 0, 4, 1] : 0.282017
[0, 1, 0, 1, 0, 4, 1] : 0.281322
[1, 0, 0, 1, 0, 4, 1] : 0.280344
[2, 0, 1, 0, 0, 4, 0] : 0.279914
[0, 0, 1, 2, 0, 4, 0] : 0.279528
[0, 0, 0, 1, 1, 4, 1] : 0.279098
[1, 0, 0, 2, 0, 4, 0] : 0.278667
[0, 1, 0, 0, 1, 4, 1] : 0.277724
[0, 0, 1, 0, 1, 4, 1] : 0.277627
[1, 0, 1, 0, 0, 4, 1] : 0.277258
[0, 0, 0, 2, 1, 4, 0] : 0.277027
[1, 0, 0, 0, 1, 4, 1] : 0.276628
[1, 0, 0, 0, 2, 4, 0] : 0.276414
[0, 1, 0, 2, 0, 4, 0] : 0.276263
[0, 0, 1, 0, 2, 4, 0] : 0.275901
[0, 2, 1, 0, 0, 4, 0] : 0.27431
[2, 1, 0, 0, 0, 4, 0] : 0.272326
[0, 0, 0, 1, 2, 4, 0] : 0.271429
[0, 1, 0, 0, 2, 4, 0] : 0.271402
[0, 0, 1, 1, 1, 4, 0] : 0.267983
[0, 0, 0, 0, 3, 4, 0] : 0.267099
[1, 0, 2, 0, 0, 4, 0] : 0.265913
[1, 0, 0, 1, 1, 4, 0] : 0.265124
[1, 2, 0, 0, 0, 4, 0] : 0.264777
[0, 1, 2, 0, 0, 4, 0] : 0.262591
[0, 1, 0, 1, 1, 4, 0] : 0.259752
[1, 0, 1, 0, 1, 4, 0] : 0.238063
[1, 1, 0, 0, 1, 4, 0] : 0.237108
[0, 1, 1, 0, 1, 4, 0] : 0.236894
[0, 1, 1, 1, 0, 4, 0] : 0.234995
[1, 1, 0, 1, 0, 4, 0] : 0.231762
[1, 0, 1, 1, 0, 4, 0] : 0.23162
[1, 1, 1, 0, 0, 4, 0] : 0.217784
[0, 0, 0, 2, 0, 0, 5] : 0.177304
[0, 2, 0, 0, 0, 0, 5] : 0.16777
[0, 0, 0, 0, 2, 0, 5] : 0.157373
[0, 0, 2, 0, 0, 0, 5] : 0.154839
[0, 0, 1, 0, 1, 0, 5] : 0.153451
[2, 0, 0, 0, 0, 0, 5] : 0.149936
[0, 0, 2, 0, 1, 3, 1] : 0.146858
[0, 0, 0, 1, 1, 0, 5] : 0.146493
[0, 2, 0, 0, 2, 3, 0] : 0.146389
[0, 1, 0, 0, 1, 0, 5] : 0.145943
[2, 0, 0, 0, 1, 3, 1] : 0.145127
[2, 0, 0, 0, 2, 3, 0] : 0.144503
[1, 0, 0, 0, 1, 0, 5] : 0.14175
[0, 2, 0, 2, 0, 3, 0] : 0.140884
[2, 0, 0, 1, 0, 3, 1] : 0.13839
[0, 0, 2, 1, 0, 3, 1] : 0.136802
[0, 0, 1, 1, 0, 0, 5] : 0.136466
[0, 2, 0, 0, 1, 3, 1] : 0.13605
[2, 0, 0, 2, 0, 3, 0] : 0.134234
[0, 1, 0, 1, 0, 0, 5] : 0.133625
[0, 2, 0, 1, 0, 3, 1] : 0.13189
[0, 2, 0, 1, 1, 3, 0] : 0.131793
[0, 1, 2, 0, 0, 3, 1] : 0.129851
[2, 0, 1, 0, 0, 3, 1] : 0.129773
[2, 1, 0, 0, 0, 3, 1] : 0.129763
[1, 0, 2, 0, 0, 3, 1] : 0.128894
[1, 0, 0, 1, 0, 0, 5] : 0.128612
[2, 0, 0, 1, 1, 3, 0] : 0.128091
[0, 0, 2, 2, 0, 3, 0] : 0.127495
[0, 0, 2, 0, 2, 3, 0] : 0.1269
[0, 1, 1, 0, 0, 0, 5] : 0.126657
[1, 0, 1, 0, 0, 0, 5] : 0.126241
[0, 0, 2, 0, 0, 1, 4] : 0.126108
[2, 0, 0, 0, 0, 1, 4] : 0.122656
[1, 0, 0, 3, 0, 3, 0] : 0.122613
[1, 1, 0, 0, 0, 0, 5] : 0.122583
[1, 0, 0, 0, 3, 3, 0] : 0.122257
[0, 0, 2, 1, 1, 3, 0] : 0.122215
[1, 0, 2, 0, 1, 3, 0] : 0.122195
[0, 0, 0, 3, 1, 3, 0] : 0.121745
[1, 2, 0, 0, 0, 3, 1] : 0.120988
[2, 0, 1, 0, 1, 3, 0] : 0.120029
[0, 0, 2, 0, 0, 3, 2] : 0.119764
[2, 1, 0, 0, 1, 3, 0] : 0.119569
[0, 1, 2, 0, 1, 3, 0] : 0.119553
[0, 0, 1, 3, 0, 3, 0] : 0.118322
[2, 0, 0, 0, 0, 3, 2] : 0.118275
[0, 0, 0, 1, 3, 3, 0] : 0.118105
[0, 0, 0, 3, 0, 3, 1] : 0.116131
[0, 0, 0, 3, 0, 0, 4] : 0.115952
[0, 2, 1, 0, 0, 3, 1] : 0.115473
[2, 1, 0, 1, 0, 3, 0] : 0.115162
[0, 1, 0, 3, 0, 3, 0] : 0.114855
[0, 0, 1, 0, 3, 3, 0] : 0.114488
[0, 2, 0, 0, 0, 3, 2] : 0.114336
[0, 1, 0, 0, 3, 3, 0] : 0.113795
[2, 2, 0, 0, 0, 3, 0] : 0.113699
[1, 0, 2, 1, 0, 3, 0] : 0.113497
[0, 2, 2, 0, 0, 3, 0] : 0.113348
[0, 2, 0, 0, 0, 1, 4] : 0.113291
[0, 1, 2, 1, 0, 3, 0] : 0.112993
[1, 2, 0, 0, 1, 3, 0] : 0.112199
[1, 0, 0, 0, 0, 2, 4] : 0.111813
[2, 0, 1, 1, 0, 3, 0] : 0.111167
[0, 0, 1, 0, 0, 2, 4] : 0.11061
[0, 1, 0, 0, 0, 2, 4] : 0.10996
[0, 0, 0, 0, 0, 3, 4] : 0.10978
[0, 2, 1, 0, 1, 3, 0] : 0.107405
[2, 0, 2, 0, 0, 3, 0] : 0.107059
[0, 0, 0, 0, 3, 3, 1] : 0.106414
[1, 0, 1, 0, 1, 3, 1] : 0.106354
[1, 1, 0, 0, 1, 3, 1] : 0.105523
[1, 2, 0, 1, 0, 3, 0] : 0.105193
[1, 0, 0, 0, 2, 3, 1] : 0.103951
[0, 1, 0, 0, 2, 3, 1] : 0.10335
[0, 0, 1, 0, 1, 1, 4] : 0.103035
[0, 1, 0, 2, 0, 3, 1] : 0.10278
[1, 0, 0, 2, 0, 3, 1] : 0.102705
[1, 0, 0, 0, 1, 1, 4] : 0.102473
[0, 1, 0, 0, 1, 1, 4] : 0.102408
[0, 0, 1, 0, 2, 3, 1] : 0.102333
[0, 0, 1, 2, 0, 3, 1] : 0.101912
[0, 1, 1, 0, 0, 1, 4] : 0.101619
[1, 1, 0, 0, 0, 1, 4] : 0.101144
[0, 2, 1, 1, 0, 3, 0] : 0.100693
[0, 1, 1, 0, 1, 3, 1] : 0.100319
[1, 0, 1, 0, 0, 1, 4] : 0.0993319
[0, 1, 0, 1, 2, 3, 0] : 0.0990327
[0, 0, 1, 1, 0, 1, 4] : 0.0989084
[0, 1, 0, 1, 0, 1, 4] : 0.0986777
[1, 0, 0, 1, 0, 1, 4] : 0.0983897
[1, 1, 0, 1, 0, 3, 1] : 0.0971308
[1, 1, 2, 0, 0, 3, 0] : 0.0964499
[0, 1, 0, 0, 1, 3, 2] : 0.0954778
[1, 0, 0, 1, 1, 3, 1] : 0.095334
[0, 0, 1, 0, 1, 3, 2] : 0.0952771
[1, 0, 1, 1, 0, 3, 1] : 0.0951815
[0, 1, 0, 1, 1, 3, 1] : 0.0950643
[1, 0, 0, 0, 1, 3, 2] : 0.0944028
[0, 0, 0, 3, 2, 1, 1] : 0.0943361
[0, 0, 1, 1, 1, 3, 1] : 0.0941207
[1, 0, 0, 1, 2, 3, 0] : 0.0940968
[1, 1, 0, 0, 0, 3, 2] : 0.0940633
[1, 0, 1, 0, 0, 3, 2] : 0.0939634
[0, 0, 2, 3, 0, 1, 1] : 0.0928613
[2, 1, 1, 0, 0, 3, 0] : 0.0928352
[0, 0, 0, 0, 2, 1, 4] : 0.0928279
[0, 1, 0, 1, 0, 3, 2] : 0.09267
[0, 0, 0, 2, 3, 1, 1] : 0.092378
[0, 0, 1, 1, 2, 3, 0] : 0.0921827
[0, 1, 0, 2, 1, 3, 0] : 0.0920412
[0, 1, 1, 1, 0, 3, 1] : 0.091932
[0, 0, 1, 1, 0, 3, 2] : 0.0916605
[1, 1, 1, 0, 0, 3, 1] : 0.0915925
[1, 0, 0, 2, 1, 3, 0] : 0.0914495
[0, 1, 1, 0, 0, 3, 2] : 0.090445
[1, 0, 0, 1, 0, 3, 2] : 0.0903078
[0, 0, 0, 2, 0, 1, 4] : 0.0898607
[0, 0, 1, 0, 3, 2, 1] : 0.089757
[1, 0, 0, 0, 3, 2, 1] : 0.0893612
[0, 0, 2, 0, 3, 1, 1] : 0.0891875
[1, 2, 1, 0, 0, 3, 0] : 0.0883793
[0, 0, 0, 1, 0, 2, 4] : 0.0881418
[0, 1, 1, 0, 2, 3, 0] : 0.0880549
[0, 1, 0, 0, 3, 2, 1] : 0.088014
[1, 1, 0, 0, 2, 3, 0] : 0.0877819
[0, 0, 0, 1, 1, 1, 4] : 0.0876528
[0, 1, 0, 3, 0, 2, 1] : 0.086766
[0, 2, 0, 0, 3, 1, 1] : 0.0866912
[0, 0, 0, 3, 1, 2, 1] : 0.0866525
[0, 0, 1, 2, 1, 3, 0] : 0.0862177
[1, 0, 0, 3, 0, 2, 1] : 0.086058
[0, 0, 0, 0, 1, 2, 4] : 0.0858576
[0, 0, 1, 3, 0, 2, 1] : 0.0857881
[2, 0, 0, 3, 0, 1, 1] : 0.0857814
[0, 2, 0, 0, 3, 2, 0] : 0.0852476
[1, 1, 0, 2, 0, 3, 0] : 0.0844849
[1, 1, 0, 1, 1, 3, 0] : 0.0841319
[0, 1, 1, 2, 0, 3, 0] : 0.083751
[1, 1, 1, 0, 1, 3, 0] : 0.0827178
[1, 0, 1, 0, 2, 3, 0] : 0.0823697
[1, 0, 0, 3, 1, 1, 1] : 0.0821431
[0, 0, 1, 0, 3, 1, 2] : 0.0818811
[0, 0, 0, 2, 1, 3, 1] : 0.0818411
[0, 0, 0, 3, 1, 1, 2] : 0.0818255
[1, 0, 1, 2, 0, 3, 0] : 0.0816349
[0, 1, 0, 0, 0, 3, 3] : 0.0814702
[0, 1, 0, 3, 1, 1, 1] : 0.0813691
[0, 0, 1, 1, 3, 1, 1] : 0.0812798
[0, 1, 1, 1, 1, 3, 0] : 0.0811841
[1, 0, 1, 1, 1, 3, 0] : 0.0810335
[1, 0, 0, 1, 3, 1, 1] : 0.0809907
[0, 0, 2, 0, 3, 2, 0] : 0.0805737
[0, 1, 0, 1, 3, 1, 1] : 0.0802362
[0, 0, 1, 3, 1, 1, 1] : 0.0798436
[1, 0, 0, 0, 0, 3, 3] : 0.0798026
[0, 0, 2, 3, 1, 1, 0] : 0.07945
[0, 0, 0, 2, 2, 3, 0] : 0.0792024
[0, 0, 0, 1, 3, 1, 2] : 0.0791674
[0, 2, 0, 3, 0, 1, 1] : 0.078927
[2, 0, 0, 0, 3, 1, 1] : 0.0787332
[1, 1, 1, 1, 0, 3, 0] : 0.0787021
[0, 0, 2, 3, 0, 2, 0] : 0.0783841
[1, 0, 0, 0, 3, 1, 2] : 0.07833
[0, 0, 0, 3, 0, 2, 2] : 0.0781789
[0, 0, 1, 0, 0, 3, 3] : 0.0781017
[0, 0, 0, 1, 2, 3, 1] : 0.0779029
[2, 0, 0, 0, 3, 2, 0] : 0.0773688
[0, 0, 0, 1, 3, 2, 1] : 0.0767087
[0, 1, 0, 0, 3, 1, 2] : 0.0758323
[0, 0, 0, 0, 2, 3, 2] : 0.075501
[1, 0, 0, 3, 0, 1, 2] : 0.0746624
[0, 1, 1, 3, 0, 1, 1] : 0.0742567
[0, 0, 0, 3, 3, 1, 0] : 0.0741241
[0, 0, 0, 0, 3, 2, 2] : 0.0738598
[0, 0, 1, 3, 0, 1, 2] : 0.0736746
[1, 1, 0, 3, 0, 1, 1] : 0.0735603
[0, 1, 0, 3, 0, 1, 2] : 0.0728373
[0, 0, 0, 2, 0, 3, 2] : 0.0726896
[0, 0, 0, 0, 3, 1, 3] : 0.0724921
[0, 0, 0, 3, 2, 2, 0] : 0.071302
[2, 0, 0, 3, 0, 2, 0] : 0.0711013
[0, 0, 0, 1, 1, 3, 2] : 0.0708096
[2, 2, 2, 0, 0, 1, 0] : 0.0702279
[0, 0, 1, 1, 3, 2, 0] : 0.0701215
[1, 0, 1, 3, 0, 1, 1] : 0.0698384
[0, 2, 0, 3, 0, 2, 0] : 0.0696129
[1, 0, 0, 1, 3, 2, 0] : 0.0693126
[2, 0, 0, 3, 1, 1, 0] : 0.0690795
[0, 0, 1, 2, 3, 1, 0] : 0.0690407
[1, 0, 0, 3, 1, 2, 0] : 0.0684235
[2, 1, 2, 0, 0, 1, 1] : 0.0683571
[0, 0, 1, 3, 1, 2, 0] : 0.0674532
[0, 2, 0, 1, 3, 1, 0] : 0.0672726
[1, 2, 2, 0, 0, 2, 0] : 0.0671159
[0, 2, 0, 3, 1, 1, 0] : 0.0667792
[0, 0, 0, 2, 3, 2, 0] : 0.0666451
[0, 1, 0, 1, 3, 2, 0] : 0.0666343
[0, 0, 0, 0, 3, 0, 4] : 0.0666194
[2, 1, 2, 0, 0, 2, 0] : 0.06651
[1, 0, 0, 2, 3, 1, 0] : 0.0664544
[0, 1, 0, 2, 3, 1, 0] : 0.0662812
[1, 0, 1, 0, 3, 1, 1] : 0.0661308
[1, 2, 2, 0, 0, 1, 1] : 0.0660296
[0, 0, 0, 3, 0, 1, 3] : 0.0660242
[1, 1, 0, 0, 3, 1, 1] : 0.0660226
[0, 1, 0, 3, 1, 2, 0] : 0.0659271
[1, 0, 0, 3, 2, 1, 0] : 0.065711
[0, 0, 2, 1, 3, 1, 0] : 0.0655252
[1, 2, 2, 0, 1, 1, 0] : 0.0653443
[0, 1, 1, 0, 3, 1, 1] : 0.0649665
[1, 0, 1, 0, 3, 2, 0] : 0.0645683
[2, 2, 1, 0, 0, 1, 1] : 0.0643379
[1, 2, 2, 1, 0, 1, 0] : 0.0635712
[0, 1, 0, 3, 2, 1, 0] : 0.0630184
[1, 1, 0, 0, 3, 2, 0] : 0.0629575
[0, 0, 0, 1, 2, 0, 4] : 0.0626503
[0, 1, 1, 0, 3, 2, 0] : 0.0624546
[0, 0, 1, 3, 2, 1, 0] : 0.0617499
[0, 0, 0, 1, 0, 3, 3] : 0.0607799
[2, 1, 2, 0, 1, 1, 0] : 0.0606442
[0, 0, 0, 2, 1, 0, 4] : 0.0605233
[0, 0, 0, 0, 1, 3, 3] : 0.0594789
[2, 1, 2, 1, 0, 1, 0] : 0.0593699
[1, 1, 0, 3, 0, 2, 0] : 0.0592752
[0, 1, 1, 3, 0, 2, 0] : 0.0589225
[2, 2, 1, 0, 0, 2, 0] : 0.0581186
[0, 1, 2, 3, 0, 1, 0] : 0.0576023
[1, 0, 1, 3, 0, 2, 0] : 0.0562071
[1, 2, 0, 3, 0, 1, 0] : 0.0555206
[0, 2, 1, 3, 0, 1, 0] : 0.0552313
[1, 0, 2, 3, 0, 1, 0] : 0.055035
[1, 2, 0, 0, 3, 1, 0] : 0.0544758
[2, 0, 0, 1, 3, 1, 0] : 0.0540315
[0, 2, 0, 0, 1, 0, 4] : 0.0528647
[0, 0, 0, 3, 3, 0, 1] : 0.0523025
[0, 0, 2, 0, 1, 0, 4] : 0.0518881
[0, 1, 1, 3, 1, 1, 0] : 0.0512061
[1, 1, 0, 3, 1, 1, 0] : 0.0508305
[2, 2, 1, 0, 1, 1, 0] : 0.0508216
[0, 2, 1, 0, 3, 1, 0] : 0.0506835
[1, 0, 2, 0, 3, 1, 0] : 0.0503281
[0, 1, 0, 0, 2, 0, 4] : 0.0497159
[2, 0, 0, 0, 1, 0, 4] : 0.0497114
[1, 0, 1, 3, 1, 1, 0] : 0.0492504
[1, 1, 1, 3, 0, 1, 0] : 0.0491523
[0, 0, 2, 1, 0, 0, 4] : 0.0489851
[0, 2, 1, 0, 0, 0, 4] : 0.0488467
[0, 0, 0, 3, 2, 0, 2] : 0.048844
[0, 0, 1, 0, 2, 0, 4] : 0.0487969
[1, 0, 0, 0, 2, 0, 4] : 0.0487489
[0, 1, 2, 0, 0, 0, 4] : 0.0486186
[0, 2, 0, 1, 0, 0, 4] : 0.0483808
[1, 0, 0, 2, 0, 0, 4] : 0.0476748
[0, 1, 0, 2, 0, 0, 4] : 0.0474396
[0, 0, 1, 2, 0, 0, 4] : 0.0472537
[1, 1, 0, 1, 3, 1, 0] : 0.046516
[1, 0, 1, 1, 3, 1, 0] : 0.045725
[0, 1, 2, 0, 3, 1, 0] : 0.0455945
[0, 1, 1, 1, 3, 1, 0] : 0.0454842
[2, 0, 0, 1, 0, 0, 4] : 0.0437502
[0, 0, 1, 1, 1, 0, 4] : 0.0436478
[0, 1, 0, 1, 1, 0, 4] : 0.043643
[2, 0, 1, 3, 0, 1, 0] : 0.0435235
[2, 1, 0, 3, 0, 1, 0] : 0.0434251
[2, 2, 1, 1, 0, 1, 0] : 0.0428871
[1, 0, 0, 1, 1, 0, 4] : 0.0427343
[0, 0, 0, 2, 3, 0, 2] : 0.0423584
[2, 0, 1, 0, 0, 0, 4] : 0.0422949
[1, 1, 1, 0, 3, 1, 0] : 0.0410123
[0, 1, 1, 0, 1, 0, 4] : 0.0408476
[0, 0, 1, 2, 3, 0, 1] : 0.040645
[2, 1, 2, 0, 2, 0, 0] : 0.0406398
[1, 2, 0, 0, 0, 0, 4] : 0.0398484
[1, 0, 2, 0, 0, 0, 4] : 0.0395925
[2, 0, 1, 0, 3, 1, 0] : 0.0390464
[1, 2, 2, 2, 0, 0, 0] : 0.0389377
[0, 1, 1, 1, 0, 0, 4] : 0.0387547
[1, 0, 0, 2, 3, 0, 1] : 0.0383412
[2, 1, 0, 0, 3, 1, 0] : 0.0383326
[1, 1, 0, 0, 1, 0, 4] : 0.0380438
[0, 1, 0, 2, 3, 0, 1] : 0.0378639
[2, 1, 0, 0, 0, 0, 4] : 0.0375336
[1, 0, 1, 0, 1, 0, 4] : 0.0365482
[2, 2, 2, 0, 0, 0, 1] : 0.0353948
[2, 1, 2, 2, 0, 0, 0] : 0.0353135
[1, 2, 2, 0, 2, 0, 0] : 0.0352307
[1, 1, 0, 1, 0, 0, 4] : 0.0346957
[2, 0, 0, 0, 0, 2, 3] : 0.0342751
[0, 0, 2, 3, 1, 0, 1] : 0.0341503
[1, 0, 1, 1, 0, 0, 4] : 0.0339633
[0, 0, 2, 0, 0, 2, 3] : 0.0334131
[2, 1, 2, 0, 1, 0, 1] : 0.0331152
[0, 0, 2, 1, 3, 0, 1] : 0.0316798
[2, 2, 2, 0, 1, 0, 0] : 0.0309875
[0, 2, 0, 0, 0, 2, 3] : 0.0309038
[0, 0, 2, 2, 3, 0, 0] : 0.0308693
[1, 1, 1, 0, 0, 0, 4] : 0.0308523
[2, 1, 2, 1, 0, 0, 1] : 0.0305303
[0, 0, 1, 3, 3, 0, 0] : 0.0292323
[0, 2, 0, 1, 3, 0, 1] : 0.0291102
[0, 2, 0, 2, 3, 0, 0] : 0.0288478
[1, 1, 2, 0, 0, 2, 1] : 0.0286781
[0, 0, 0, 3, 1, 0, 3] : 0.028673
[1, 2, 2, 1, 0, 0, 1] : 0.0283441
[0, 0, 1, 3, 2, 0, 1] : 0.0281213
[2, 2, 1, 0, 2, 0, 0] : 0.0275216
[1, 2, 2, 0, 1, 0, 1] : 0.0273839
[0, 0, 1, 3, 1, 0, 2] : 0.0269538
[1, 1, 2, 0, 2, 1, 0] : 0.0266655
[0, 0, 1, 0, 3, 0, 3] : 0.0264689
[0, 1, 0, 3, 1, 0, 2] : 0.0259308
[2, 1, 1, 0, 0, 2, 1] : 0.0258441
[0, 0, 2, 3, 0, 0, 2] : 0.0255692
[0, 1, 0, 3, 3, 0, 0] : 0.0248293
[2, 1, 1, 0, 2, 1, 0] : 0.0244531
[1, 0, 0, 3, 1, 0, 2] : 0.0243869
[1, 0, 0, 3, 2, 0, 1] : 0.0243051
[1, 0, 0, 3, 3, 0, 0] : 0.0241739
[0, 0, 1, 3, 0, 0, 3] : 0.0238718
[0, 1, 0, 3, 2, 0, 1] : 0.0238611
[1, 2, 1, 0, 2, 1, 0] : 0.0237613
[1, 0, 1, 2, 3, 0, 0] : 0.0231409
[2, 2, 1, 0, 1, 0, 1] : 0.0230382
[2, 2, 1, 2, 0, 0, 0] : 0.0223933
[1, 2, 1, 0, 0, 2, 1] : 0.0223686
[1, 0, 0, 3, 0, 0, 3] : 0.0220771
[1, 2, 1, 2, 0, 1, 0] : 0.0219286
[0, 1, 0, 3, 0, 0, 3] : 0.0219058
[2, 2, 1, 1, 0, 0, 1] : 0.021589
[0, 1, 1, 2, 3, 0, 0] : 0.0215784
[1, 1, 2, 2, 0, 1, 0] : 0.0213034
[1, 0, 0, 0, 3, 0, 3] : 0.0212897
[1, 1, 2, 0, 1, 1, 1] : 0.0207751
[2, 1, 1, 0, 1, 1, 1] : 0.0207341
[0, 1, 0, 0, 3, 0, 3] : 0.0207153
[1, 0, 1, 1, 3, 0, 1] : 0.0190875
[2, 1, 1, 1, 0, 1, 1] : 0.0189707
[1, 1, 2, 1, 0, 1, 1] : 0.0188158
[0, 2, 0, 0, 3, 0, 2] : 0.0186885
[2, 1, 1, 2, 0, 1, 0] : 0.0186508
[0, 1, 1, 3, 0, 0, 2] : 0.0185799
[0, 0, 2, 0, 1, 1, 3] : 0.0185516
[0, 2, 1, 0, 0, 1, 3] : 0.0184011
[0, 2, 0, 3, 1, 0, 1] : 0.018296
[0, 1, 1, 1, 3, 0, 1] : 0.018206
[0, 0, 0, 1, 3, 0, 3] : 0.0181566
[1, 1, 0, 2, 3, 0, 0] : 0.0180884
[0, 0, 1, 0, 1, 2, 3] : 0.0173164
[2, 1, 1, 0, 0, 1, 2] : 0.0170458
[1, 2, 1, 1, 0, 1, 1] : 0.0168927
[1, 1, 2, 0, 0, 1, 2] : 0.0167476
[0, 0, 2, 1, 0, 1, 3] : 0.016653
[0, 1, 1, 0, 0, 2, 3] : 0.0162474
[2, 0, 0, 0, 1, 1, 3] : 0.016117
[0, 1, 0, 0, 1, 2, 3] : 0.0158813
[0, 2, 0, 1, 0, 1, 3] : 0.0154813
[0, 1, 2, 0, 0, 1, 3] : 0.0154457
[2, 2, 2, 1, 0, 0, 0] : 0.0153371
[2, 0, 1, 0, 0, 1, 3] : 0.015214
[0, 0, 2, 3, 2, 0, 0] : 0.0151124
[1, 2, 1, 0, 1, 1, 1] : 0.015047
[1, 2, 2, 1, 1, 0, 0] : 0.0149422
[2, 0, 0, 3, 1, 0, 1] : 0.0149186
[0, 1, 0, 1, 0, 2, 3] : 0.0148357
[0, 2, 0, 0, 1, 1, 3] : 0.0146001
[1, 2, 0, 0, 0, 1, 3] : 0.0145973
[1, 1, 0, 0, 0, 2, 3] : 0.0144418
[0, 0, 1, 1, 0, 2, 3] : 0.0144066
[2, 0, 0, 1, 0, 1, 3] : 0.0143625
[1, 0, 0, 0, 1, 2, 3] : 0.0142845
[1, 0, 1, 0, 0, 2, 3] : 0.0141146
[1, 0, 0, 1, 0, 2, 3] : 0.0140835
[0, 0, 1, 1, 3, 0, 2] : 0.0140571
[1, 0, 1, 3, 0, 0, 2] : 0.0140066
[2, 1, 0, 0, 0, 1, 3] : 0.0140041
[2, 0, 0, 1, 3, 0, 1] : 0.0139469
[0, 0, 2, 0, 3, 0, 2] : 0.0139468
[1, 2, 1, 0, 0, 1, 2] : 0.013836
[0, 2, 0, 3, 0, 0, 2] : 0.0138126
[1, 1, 2, 0, 1, 2, 0] : 0.0133067
[0, 1, 1, 3, 1, 0, 1] : 0.0133046
[1, 1, 0, 1, 3, 0, 1] : 0.0131845
[1, 1, 0, 3, 0, 0, 2] : 0.0131459
[0, 1, 1, 3, 2, 0, 0] : 0.0129756
[1, 2, 2, 0, 0, 0, 2] : 0.0127454
[1, 1, 0, 3, 2, 0, 0] : 0.0124989
[1, 0, 0, 1, 3, 0, 2] : 0.012431
[1, 0, 2, 0, 0, 1, 3] : 0.012382
[1, 2, 0, 0, 3, 0, 1] : 0.0123317
[0, 2, 1, 0, 3, 0, 1] : 0.0117947
[0, 0, 2, 0, 1, 2, 2] : 0.0115396
[1, 1, 0, 3, 1, 0, 1] : 0.0115374
[1, 0, 2, 0, 3, 0, 1] : 0.0113714
[1, 0, 1, 3, 2, 0, 0] : 0.011213
[1, 0, 1, 3, 1, 0, 1] : 0.0108024
[1, 2, 1, 1, 1, 1, 0] : 0.0104958
[1, 0, 2, 3, 0, 0, 1] : 0.010411
[0, 1, 0, 1, 3, 0, 2] : 0.00995444
[2, 0, 0, 3, 0, 0, 2] : 0.00987713
[0, 1, 2, 0, 3, 0, 1] : 0.00985408
[0, 2, 0, 3, 2, 0, 0] : 0.00940889
[2, 1, 2, 0, 0, 0, 2] : 0.00927783
[2, 0, 0, 2, 3, 0, 0] : 0.00876823
[1, 1, 2, 1, 1, 1, 0] : 0.00851392
[1, 2, 1, 0, 1, 2, 0] : 0.0078738
[1, 1, 2, 1, 0, 2, 0] : 0.00750787
[0, 1, 2, 3, 0, 0, 1] : 0.00741863
[2, 1, 1, 1, 1, 1, 0] : 0.00708787
[1, 2, 1, 1, 0, 2, 0] : 0.00692157
[0, 1, 2, 0, 0, 2, 2] : 0.00685208
[1, 0, 2, 0, 0, 2, 2] : 0.00649222
[2, 1, 1, 0, 1, 2, 0] : 0.00647417
[1, 1, 1, 0, 3, 0, 1] : 0.00620585
[2, 1, 2, 1, 1, 0, 0] : 0.00618846
[0, 2, 0, 0, 1, 2, 2] : 0.00569663
[2, 0, 1, 0, 0, 2, 2] : 0.0047059
[2, 0, 2, 0, 0, 1, 2] : 0.00465551
[0, 0, 2, 1, 0, 2, 2] : 0.00463541
[0, 0, 0, 1, 1, 2, 3] : 0.0042889
[2, 0, 0, 0, 1, 2, 2] : 0.00392611
[0, 2, 2, 0, 0, 1, 2] : 0.00372856
[2, 1, 0, 0, 0, 2, 2] : 0.00366375
[1, 0, 0, 1, 1, 1, 3] : 0.00350929
[0, 2, 0, 1, 0, 2, 2] : 0.00333828
[0, 0, 1, 1, 1, 1, 3] : 0.00325916
[0, 2, 1, 3, 0, 0, 1] : 0.00301731
[0, 1, 0, 1, 1, 1, 3] : 0.00284168
[2, 0, 0, 0, 3, 0, 2] : 0.00276539
[1, 2, 0, 0, 0, 2, 2] : 0.00207594
[2, 1, 1, 1, 0, 2, 0] : 0.00171145
[0, 0, 0, 1, 2, 1, 3] : 0.00116044
[1, 2, 0, 3, 0, 0, 1] : 0.000917543
[0, 1, 1, 0, 3, 0, 2] : 0.000873361
[1, 0, 2, 3, 1, 0, 0] : 0.000668798
[0, 2, 1, 0, 0, 2, 2] : 0.000627894
[2, 0, 1, 0, 3, 0, 1] : 0.00058287
[0, 1, 2, 1, 3, 0, 0] : 0.000301145
[2, 1, 0, 0, 3, 0, 1] : 0.000272729
[0, 1, 2, 3, 1, 0, 0] : -4.72702e-05
[1, 0, 2, 1, 3, 0, 0] : -0.000421803
[1, 2, 0, 1, 3, 0, 0] : -0.000472914
[1, 0, 1, 0, 3, 0, 2] : -0.000592723
[1, 1, 1, 3, 0, 0, 1] : -0.00152544
[0, 1, 1, 0, 1, 1, 3] : -0.0015716
[2, 0, 0, 1, 0, 2, 2] : -0.00172153
[2, 0, 0, 3, 2, 0, 0] : -0.00175793
[2, 2, 1, 0, 0, 0, 2] : -0.00176669
[0, 2, 1, 1, 3, 0, 0] : -0.00247458
[1, 2, 0, 3, 1, 0, 0] : -0.00273819
[1, 2, 1, 3, 0, 0, 0] : -0.00279648
[0, 2, 2, 0, 0, 2, 1] : -0.00282598
[0, 0, 0, 2, 1, 1, 3] : -0.00378046
[1, 1, 0, 0, 3, 0, 2] : -0.0039796
[0, 2, 1, 3, 1, 0, 0] : -0.0043257
[0, 0, 2, 0, 2, 1, 2] : -0.00432913
[0, 1, 0, 2, 0, 1, 3] : -0.00448059
[1, 0, 1, 0, 1, 1, 3] : -0.00457395
[0, 1, 1, 1, 0, 1, 3] : -0.00462008
[0, 0, 1, 2, 0, 1, 3] : -0.00463735
[2, 2, 1, 1, 1, 0, 0] : -0.00470025
[0, 1, 0, 0, 2, 1, 3] : -0.00496856
[2, 2, 0, 0, 0, 1, 2] : -0.00502416
[1, 1, 0, 0, 1, 1, 3] : -0.0050513
[2, 0, 2, 0, 0, 2, 1] : -0.00512056
[0, 0, 1, 0, 2, 1, 3] : -0.00523838
[1, 0, 0, 2, 0, 1, 3] : -0.0056301
[1, 0, 0, 0, 2, 1, 3] : -0.00590067
[1, 1, 0, 1, 0, 1, 3] : -0.00602328
[2, 1, 0, 3, 0, 0, 1] : -0.00602935
[2, 0, 1, 3, 0, 0, 1] : -0.00651133
[0, 2, 0, 0, 2, 1, 2] : -0.00670287
[1, 1, 1, 0, 0, 1, 3] : -0.00678064
[1, 0, 1, 1, 0, 1, 3] : -0.00693163
[0, 0, 2, 0, 2, 0, 3] : -0.00719019
[2, 0, 0, 0, 2, 1, 2] : -0.00735618
[0, 0, 0, 2, 0, 2, 3] : -0.00751602
[0, 2, 2, 0, 3, 0, 0] : -0.00786886
[0, 2, 0, 2, 0, 1, 2] : -0.0080548
[1, 1, 1, 1, 3, 0, 0] : -0.0081236
[2, 2, 0, 0, 0, 2, 1] : -0.00850861
[1, 0, 2, 0, 1, 1, 2] : -0.00880502
[0, 1, 2, 0, 1, 1, 2] : -0.00892747
[1, 1, 1, 3, 1, 0, 0] : -0.00895508
[1, 1, 2, 3, 0, 0, 0] : -0.0101612
[0, 0, 2, 1, 1, 1, 2] : -0.0102104
[2, 0, 0, 1, 1, 1, 2] : -0.0102357
[2, 1, 0, 3, 1, 0, 0] : -0.0108413
[2, 0, 1, 0, 1, 1, 2] : -0.0108513
[0, 0, 0, 0, 2, 2, 3] : -0.01088
[0, 0, 2, 2, 0, 1, 2] : -0.0110338
[0, 2, 1, 0, 1, 1, 2] : -0.0111155
[2, 1, 0, 0, 1, 1, 2] : -0.011194
[2, 1, 1, 3, 0, 0, 0] : -0.0113118
[0, 2, 0, 1, 1, 1, 2] : -0.0113638
[0, 1, 2, 1, 0, 1, 2] : -0.011452
[2, 1, 0, 1, 3, 0, 0] : -0.0120797
[1, 2, 0, 0, 1, 1, 2] : -0.012426
[1, 1, 1, 2, 1, 1, 0] : -0.0130794
[2, 1, 0, 1, 0, 1, 2] : -0.0130965
[1, 0, 2, 1, 0, 1, 2] : -0.0131938
[0, 0, 2, 2, 0, 0, 3] : -0.0133271
[2, 0, 1, 1, 0, 1, 2] : -0.013474
[2, 0, 1, 3, 1, 0, 0] : -0.0135986
[0, 2, 2, 3, 0, 0, 0] : -0.0136202
[2, 0, 1, 1, 3, 0, 0] : -0.0146476
[1, 1, 1, 2, 0, 1, 1] : -0.0147803
[1, 1, 1, 0, 2, 1, 1] : -0.0156645
[2, 0, 2, 0, 1, 1, 1] : -0.0161116
[0, 2, 1, 1, 0, 1, 2] : -0.0161942
[2, 0, 0, 2, 0, 1, 2] : -0.0165943
[1, 1, 1, 1, 2, 1, 0] : -0.0166206
[0, 2, 2, 0, 1, 1, 1] : -0.0168813
[1, 2, 0, 1, 0, 1, 2] : -0.0171513
[0, 2, 2, 0, 0, 0, 3] : -0.0171794
[1, 2, 1, 0, 3, 0, 0] : -0.0173008
[0, 2, 2, 2, 0, 1, 0] : -0.0175274
[1, 1, 1, 0, 0, 2, 2] : -0.0178053
[0, 2, 1, 2, 0, 1, 1] : -0.0187191
[0, 2, 0, 2, 0, 2, 1] : -0.0189158
[1, 1, 1, 1, 1, 1, 1] : -0.019081
[1, 1, 2, 0, 3, 0, 0] : -0.0192158
[1, 2, 0, 0, 2, 1, 1] : -0.0194867
[0, 2, 1, 0, 2, 1, 1] : -0.0197182
[2, 0, 2, 0, 0, 0, 3] : -0.0197634
[1, 0, 0, 0, 2, 2, 2] : -0.0198898
[1, 1, 0, 0, 1, 2, 2] : -0.0203507
[0, 0, 1, 0, 2, 2, 2] : -0.0204102
[0, 1, 0, 0, 2, 2, 2] : -0.0204167
[1, 1, 1, 0, 1, 1, 2] : -0.0205701
[0, 0, 1, 1, 1, 2, 2] : -0.0205911
[0, 1, 0, 2, 0, 2, 2] : -0.020618
[1, 0, 0, 2, 0, 2, 2] : -0.0207065
[0, 2, 2, 1, 0, 1, 1] : -0.0211734
[0, 2, 0, 2, 0, 0, 3] : -0.0213043
[0, 1, 1, 0, 1, 2, 2] : -0.0213134
[1, 1, 1, 1, 0, 1, 2] : -0.0215728
[1, 2, 0, 2, 0, 1, 1] : -0.0216654
[0, 0, 1, 2, 0, 2, 2] : -0.0217041
[1, 0, 0, 1, 1, 2, 2] : -0.0217321
[2, 0, 0, 0, 2, 0, 3] : -0.0218464
[2, 2, 0, 3, 0, 0, 0] : -0.0220939
[1, 0, 1, 0, 1, 2, 2] : -0.0221586
[0, 1, 0, 1, 1, 2, 2] : -0.0222652
[2, 0, 2, 3, 0, 0, 0] : -0.0222791
[2, 0, 0, 2, 0, 2, 1] : -0.0224659
[1, 1, 1, 1, 0, 2, 1] : -0.022514
[1, 2, 1, 1, 1, 0, 1] : -0.0227374
[0, 1, 1, 1, 0, 2, 2] : -0.0227564
[1, 1, 0, 1, 0, 2, 2] : -0.0227642
[0, 2, 0, 0, 2, 2, 1] : -0.0228959
[2, 2, 0, 0, 3, 0, 0] : -0.0229134
[1, 0, 1, 1, 0, 2, 2] : -0.0231428
[1, 1, 2, 1, 1, 0, 1] : -0.0232185
[1, 0, 0, 2, 1, 1, 2] : -0.0233165
[0, 1, 2, 2, 0, 1, 1] : -0.0237061
[2, 0, 1, 0, 2, 1, 1] : -0.0238002
[1, 2, 1, 2, 1, 0, 0] : -0.0238243
[2, 0, 0, 0, 2, 2, 1] : -0.0242274
[2, 2, 0, 0, 1, 1, 1] : -0.0245747
[0, 0, 1, 2, 1, 1, 2] : -0.0248214
[1, 0, 2, 0, 1, 2, 1] : -0.024854
[1, 1, 2, 0, 0, 0, 3] : -0.0249436
[2, 1, 0, 0, 2, 1, 1] : -0.0249504
[0, 0, 2, 2, 0, 2, 1] : -0.0250509
[1, 0, 0, 1, 2, 1, 2] : -0.0251641
[0, 1, 0, 2, 1, 1, 2] : -0.0252984
[1, 1, 0, 0, 2, 2, 1] : -0.0253229
[1, 1, 1, 0, 1, 2, 1] : -0.0253759
[2, 1, 0, 2, 0, 1, 1] : -0.0253878
[0, 2, 0, 0, 2, 0, 3] : -0.0253946
[0, 1, 2, 0, 1, 2, 1] : -0.0256929
[2, 0, 2, 1, 0, 1, 1] : -0.0257002
[1, 2, 0, 0, 1, 2, 1] : -0.0257033
[0, 2, 2, 0, 2, 1, 0] : -0.0258396
[2, 0, 1, 2, 0, 1, 1] : -0.0258489
[2, 1, 1, 2, 0, 0, 1] : -0.0259894
[2, 1, 1, 1, 1, 0, 1] : -0.0261101
[0, 0, 2, 1, 1, 0, 3] : -0.0261136
[0, 0, 1, 1, 2, 1, 2] : -0.0261899
[1, 0, 2, 2, 0, 1, 1] : -0.0262493
[0, 1, 2, 0, 2, 1, 1] : -0.026498
[0, 0, 2, 0, 2, 2, 1] : -0.0265327
[2, 1, 1, 0, 3, 0, 0] : -0.0265432
[0, 1, 0, 1, 2, 1, 2] : -0.0267685
[2, 2, 0, 0, 0, 0, 3] : -0.0269873
[1, 0, 2, 0, 2, 1, 1] : -0.0272724
[1, 0, 1, 0, 2, 2, 1] : -0.0274421
[2, 0, 1, 0, 1, 2, 1] : -0.0274451
[1, 2, 1, 1, 2, 0, 0] : -0.0276849
[1, 1, 0, 2, 0, 2, 1] : -0.0276981
[2, 1, 1, 2, 1, 0, 0] : -0.0277067
[1, 1, 1, 0, 2, 2, 0] : -0.0277466
[2, 0, 2, 0, 3, 0, 0] : -0.0278048
[1, 2, 0, 1, 0, 2, 1] : -0.0279655
[2, 2, 0, 1, 0, 1, 1] : -0.028011
[1, 1, 2, 2, 1, 0, 0] : -0.0280713
[0, 2, 0, 1, 1, 0, 3] : -0.028197
[2, 1, 1, 1, 2, 0, 0] : -0.028246
[1, 1, 2, 0, 2, 0, 1] : -0.0283924
[1, 1, 2, 2, 0, 0, 1] : -0.0284061
[0, 2, 1, 0, 1, 2, 1] : -0.0284749
[2, 1, 1, 0, 2, 0, 1] : -0.0285908
[2, 1, 0, 0, 1, 2, 1] : -0.0286916
[0, 1, 1, 0, 2, 2, 1] : -0.0286933
[1, 0, 0, 1, 2, 2, 1] : -0.0291065
[1, 0, 1, 2, 0, 2, 1] : -0.0293365
[1, 1, 2, 1, 2, 0, 0] : -0.0293493
[1, 2, 1, 2, 0, 0, 1] : -0.0293894
[1, 0, 2, 1, 0, 2, 1] : -0.0299259
[1, 1, 0, 0, 2, 1, 2] : -0.0301703
[1, 0, 0, 2, 1, 2, 1] : -0.0301859
[2, 1, 0, 1, 0, 2, 1] : -0.0303839
[1, 2, 0, 0, 2, 2, 0] : -0.0306092
[1, 0, 1, 0, 2, 1, 2] : -0.0306315
[0, 1, 2, 1, 0, 2, 1] : -0.0309232
[0, 1, 2, 0, 1, 0, 3] : -0.0309812
[0, 2, 1, 1, 0, 2, 1] : -0.0313141
[1, 2, 1, 0, 0, 0, 3] : -0.0313463
[0, 1, 1, 2, 0, 2, 1] : -0.0314293
[0, 0, 1, 2, 2, 2, 0] : -0.0315065
[1, 2, 1, 0, 2, 0, 1] : -0.0315245
[0, 0, 1, 1, 2, 2, 1] : -0.0315595
[0, 0, 1, 2, 1, 2, 1] : -0.0316537
[2, 0, 1, 1, 0, 2, 1] : -0.0317612
[0, 1, 1, 0, 2, 1, 2] : -0.0319623
[1, 0, 0, 2, 2, 2, 0] : -0.0322033
[1, 1, 0, 1, 1, 2, 1] : -0.0322153
[1, 0, 2, 0, 1, 0, 3] : -0.0325651
[0, 1, 0, 2, 2, 2, 0] : -0.0326708
[1, 1, 1, 2, 0, 2, 0] : -0.0329276
[2, 1, 1, 0, 0, 0, 3] : -0.0331002
[0, 1, 0, 1, 2, 2, 1] : -0.0332493
[0, 1, 0, 2, 1, 2, 1] : -0.0334524
[0, 1, 1, 1, 1, 2, 1] : -0.0335751
[1, 0, 1, 1, 1, 2, 1] : -0.0337448
[0, 1, 2, 2, 0, 2, 0] : -0.0341029
[2, 0, 0, 2, 0, 0, 3] : -0.0342636
[1, 1, 0, 1, 1, 1, 2] : -0.0343959
[1, 0, 0, 2, 2, 1, 1] : -0.0344035
[2, 2, 0, 2, 0, 1, 0] : -0.0344326
[1, 0, 1, 2, 0, 1, 2] : -0.0346045
[0, 0, 0, 2, 2, 2, 1] : -0.0346985
[1, 1, 0, 2, 0, 1, 2] : -0.0347623
[2, 1, 0, 0, 1, 0, 3] : -0.0349761
[0, 0, 0, 2, 2, 1, 2] : -0.0351297
[1, 2, 0, 0, 1, 0, 3] : -0.0353974
[1, 0, 2, 0, 2, 2, 0] : -0.0354196
[2, 1, 1, 1, 0, 0, 2] : -0.0354922
[0, 0, 1, 2, 2, 1, 1] : -0.035601
[0, 1, 1, 2, 0, 1, 2] : -0.0358313
[1, 2, 0, 2, 0, 2, 0] : -0.0359892
[0, 1, 2, 0, 2, 2, 0] : -0.0360949
[0, 0, 2, 1, 2, 1, 1] : -0.0361034
[1, 1, 2, 0, 1, 0, 2] : -0.0361189
[1, 0, 1, 1, 1, 1, 2] : -0.036205
[2, 0, 0, 1, 1, 0, 3] : -0.036403
[0, 2, 1, 2, 0, 2, 0] : -0.0364402
[1, 1, 2, 1, 0, 0, 2] : -0.0364678
[0, 1, 1, 1, 1, 1, 2] : -0.0365382
[1, 0, 2, 2, 0, 2, 0] : -0.0365922
[2, 1, 1, 0, 1, 0, 2] : -0.03664
[0, 2, 1, 0, 1, 0, 3] : -0.0366863
[1, 2, 1, 1, 0, 0, 2] : -0.0367807
[0, 1, 0, 2, 2, 1, 1] : -0.0371859
[2, 0, 2, 0, 2, 1, 0] : -0.0374294
[0, 2, 0, 2, 1, 1, 1] : -0.0374793
[0, 2, 0, 1, 1, 2, 1] : -0.0375189
[2, 0, 1, 2, 0, 2, 0] : -0.0376088
[2, 1, 0, 2, 0, 2, 0] : -0.0379299
[1, 0, 2, 1, 0, 0, 3] : -0.0379675
[0, 2, 1, 0, 2, 2, 0] : -0.0380709
[0, 1, 2, 1, 0, 0, 3] : -0.0384143
[0, 2, 1, 1, 0, 0, 3] : -0.0385604
[0, 2, 0, 1, 2, 1, 1] : -0.0387312
[2, 1, 0, 1, 0, 0, 3] : -0.0388297
[2, 1, 0, 0, 2, 2, 0] : -0.0388771
[1, 2, 0, 1, 0, 0, 3] : -0.0389734
[0, 0, 0, 1, 2, 2, 2] : -0.0393528
[2, 0, 0, 1, 1, 2, 1] : -0.0394774
[1, 1, 1, 1, 1, 2, 0] : -0.0398086
[0, 0, 2, 2, 1, 1, 1] : -0.0398864
[1, 2, 1, 0, 1, 0, 2] : -0.040115
[2, 0, 1, 0, 2, 2, 0] : -0.0402768
[0, 0, 2, 1, 1, 2, 1] : -0.0404011
[0, 0, 0, 2, 1, 2, 2] : -0.0404763
[2, 0, 2, 0, 1, 0, 2] : -0.0404841
[1, 1, 0, 2, 1, 2, 0] : -0.0406543
[1, 0, 0, 1, 2, 0, 3] : -0.0408634
[2, 0, 1, 0, 1, 0, 3] : -0.0409542
[2, 0, 2, 0, 2, 0, 1] : -0.0409553
[2, 0, 2, 2, 0, 1, 0] : -0.0411199
[2, 0, 0, 2, 1, 1, 1] : -0.0416088
[2, 2, 0, 0, 2, 1, 0] : -0.0424257
[1, 1, 0, 1, 2, 2, 0] : -0.0426375
[0, 2, 2, 0, 1, 0, 2] : -0.0426805
[1, 1, 0, 2, 2, 1, 0] : -0.0427973
[0, 1, 1, 2, 1, 2, 0] : -0.0431712
[0, 2, 2, 0, 2, 0, 1] : -0.0434568
[0, 2, 0, 1, 2, 2, 0] : -0.0439998
[2, 0, 2, 0, 1, 2, 0] : -0.0440505
[0, 1, 0, 1, 2, 0, 3] : -0.0441823
[0, 1, 1, 2, 2, 1, 0] : -0.0443556
[1, 0, 1, 2, 2, 1, 0] : -0.0445499
[0, 0, 1, 1, 2, 0, 3] : -0.0447291
[2, 0, 1, 1, 0, 0, 3] : -0.0447452
[0, 1, 1, 2, 1, 1, 1] : -0.0448546
[1, 1, 0, 1, 2, 1, 1] : -0.0450447
[2, 0, 0, 1, 2, 1, 1] : -0.0450609
[1, 0, 1, 1, 2, 1, 1] : -0.0450679
[1, 1, 1, 0, 1, 0, 3] : -0.0450729
[1, 2, 0, 2, 1, 1, 0] : -0.0452969
[0, 2, 0, 2, 1, 2, 0] : -0.0454858
[0, 1, 2, 1, 1, 1, 1] : -0.0455959
[2, 1, 0, 2, 1, 1, 0] : -0.0456281
[2, 0, 1, 2, 1, 1, 0] : -0.0459514
[0, 1, 1, 1, 2, 2, 0] : -0.0461851
[1, 0, 1, 2, 1, 2, 0] : -0.0461962
[1, 1, 0, 2, 1, 1, 1] : -0.0462022
[0, 2, 0, 2, 2, 1, 0] : -0.0462681
[0, 1, 1, 1, 2, 1, 1] : -0.0465279
[1, 1, 1, 1, 0, 0, 3] : -0.0465779
[1, 0, 1, 2, 1, 1, 1] : -0.0469
[0, 1, 2, 2, 1, 1, 0] : -0.0471823
[1, 0, 2, 1, 1, 1, 1] : -0.0472455
[0, 2, 1, 1, 1, 1, 1] : -0.0475174
[1, 0, 1, 1, 2, 2, 0] : -0.0475284
[0, 1, 0, 2, 1, 0, 3] : -0.0478704
[0, 2, 1, 2, 1, 1, 0] : -0.0480601
[2, 0, 0, 2, 2, 1, 0] : -0.0481212
[1, 2, 0, 1, 1, 1, 1] : -0.0482274
[0, 0, 2, 2, 2, 1, 0] : -0.0482952
[0, 0, 1, 2, 1, 0, 3] : -0.0485812
[0, 0, 2, 1, 2, 2, 0] : -0.0488366
[2, 1, 0, 1, 1, 1, 1] : -0.0488509
[1, 0, 0, 2, 1, 0, 3] : -0.0490468
[0, 2, 2, 2, 0, 0, 1] : -0.0494535
[1, 1, 0, 0, 2, 0, 3] : -0.0494743
[1, 0, 1, 0, 2, 0, 3] : -0.0495181
[2, 2, 0, 0, 1, 2, 0] : -0.0495394
[0, 2, 2, 1, 0, 2, 0] : -0.0496435
[0, 0, 2, 2, 1, 2, 0] : -0.0496975
[2, 0, 1, 1, 1, 1, 1] : -0.0497487
[1, 0, 2, 2, 1, 1, 0] : -0.0501133
[2, 0, 0, 1, 2, 2, 0] : -0.0501596
[2, 2, 0, 1, 0, 2, 0] : -0.0502876
[0, 1, 1, 0, 2, 0, 3] : -0.0503521
[0, 0, 0, 2, 2, 0, 3] : -0.0504195
[2, 0, 0, 2, 1, 2, 0] : -0.0506565
[1, 1, 1, 2, 2, 0, 0] : -0.0509093
[2, 0, 2, 1, 0, 0, 2] : -0.0510905
[1, 2, 0, 1, 1, 2, 0] : -0.051144
[1, 0, 1, 2, 0, 0, 3] : -0.0512391
[1, 2, 0, 1, 2, 1, 0] : -0.0515451
[0, 2, 2, 0, 1, 2, 0] : -0.0516278
[0, 2, 1, 1, 1, 2, 0] : -0.0516937
[0, 1, 1, 1, 1, 0, 3] : -0.051789
[1, 1, 0, 2, 0, 0, 3] : -0.0518164
[2, 1, 0, 1, 1, 2, 0] : -0.0518656
[1, 1, 0, 1, 1, 0, 3] : -0.0521294
[1, 2, 0, 2, 0, 0, 2] : -0.0522525
[0, 1, 1, 2, 0, 0, 3] : -0.0522709
[0, 2, 2, 1, 0, 0, 2] : -0.0522751
[0, 2, 1, 1, 2, 1, 0] : -0.0529519
[0, 1, 2, 1, 1, 2, 0] : -0.0529979
[2, 0, 1, 1, 1, 2, 0] : -0.0533034
[2, 0, 1, 1, 2, 1, 0] : -0.0535614
[2, 2, 0, 0, 2, 0, 1] : -0.0535906
[1, 0, 2, 1, 1, 2, 0] : -0.0543882
[1, 0, 1, 1, 1, 0, 3] : -0.0544999
[1, 0, 2, 1, 2, 1, 0] : -0.0545125
[2, 1, 0, 1, 2, 1, 0] : -0.0545293
[0, 1, 2, 1, 2, 1, 0] : -0.0545366
[2, 2, 0, 0, 1, 0, 2] : -0.0552625
[2, 2, 0, 2, 0, 0, 1] : -0.0565539
[0, 2, 1, 2, 0, 0, 2] : -0.0568454
[2, 0, 2, 1, 0, 2, 0] : -0.0571453
[1, 1, 1, 1, 2, 0, 1] : -0.0592584
[1, 2, 0, 0, 2, 0, 2] : -0.0596871
[0, 1, 2, 0, 2, 0, 2] : -0.0596985
[1, 1, 1, 2, 1, 0, 1] : -0.0605997
[1, 0, 2, 0, 2, 0, 2] : -0.0609055
[2, 1, 0, 0, 2, 0, 2] : -0.0614271
[1, 1, 1, 0, 2, 0, 2] : -0.0619668
[2, 0, 2, 2, 0, 0, 1] : -0.0620469
[0, 2, 1, 0, 2, 0, 2] : -0.0632242
[0, 2, 0, 2, 2, 0, 1] : -0.0634252
[1, 1, 1, 2, 0, 0, 2] : -0.0639591
[0, 2, 2, 1, 1, 1, 0] : -0.0641464
[2, 2, 0, 1, 0, 0, 2] : -0.0643592
[0, 1, 2, 2, 0, 0, 2] : -0.0648979
[2, 2, 0, 1, 1, 1, 0] : -0.0649885
[2, 0, 1, 0, 2, 0, 2] : -0.0667257
[0, 0, 2, 2, 2, 0, 1] : -0.0668397
[1, 1, 1, 1, 1, 0, 2] : -0.0683574
[0, 2, 0, 2, 1, 0, 2] : -0.0693629
[2, 1, 0, 2, 0, 0, 2] : -0.0697151
[1, 0, 2, 2, 2, 0, 0] : -0.0700513
[1, 2, 0, 2, 2, 0, 0] : -0.0712332
[0, 1, 2, 2, 2, 0, 0] : -0.0717358
[1, 0, 2, 2, 0, 0, 2] : -0.0721741
[0, 2, 2, 1, 2, 0, 0] : -0.0726995
[0, 0, 2, 1, 2, 0, 2] : -0.0735416
[0, 2, 2, 1, 1, 0, 1] : -0.0736399
[2, 0, 0, 2, 2, 0, 1] : -0.0742663
[0, 2, 1, 2, 2, 0, 0] : -0.0743591
[2, 0, 1, 2, 0, 0, 2] : -0.0744471
[0, 2, 0, 1, 2, 0, 2] : -0.0746101
[0, 1, 0, 2, 2, 0, 2] : -0.0747024
[0, 1, 2, 1, 1, 0, 2] : -0.0750897
[2, 0, 2, 1, 1, 1, 0] : -0.0754008
[1, 0, 0, 2, 2, 0, 2] : -0.0764304
[0, 0, 1, 2, 2, 0, 2] : -0.0765036
[2, 0, 2, 1, 1, 0, 1] : -0.0766841
[1, 0, 2, 1, 1, 0, 2] : -0.0779953
[0, 0, 2, 2, 1, 0, 2] : -0.0787964
[0, 2, 2, 2, 1, 0, 0] : -0.0804321
[1, 1, 0, 2, 2, 0, 1] : -0.0807292
[2, 1, 0, 1, 1, 0, 2] : -0.0810512
[1, 2, 0, 2, 1, 0, 1] : -0.0817903
[0, 1, 1, 2, 2, 0, 1] : -0.0817976
[1, 2, 0, 1, 1, 0, 2] : -0.0818563
[2, 0, 0, 1, 2, 0, 2] : -0.0822416
[0, 2, 1, 2, 1, 0, 1] : -0.0826449
[1, 0, 1, 2, 2, 0, 1] : -0.0828714
[0, 1, 2, 1, 2, 0, 1] : -0.0831773
[2, 0, 1, 1, 1, 0, 2] : -0.0832015
[2, 1, 0, 2, 2, 0, 0] : -0.0832194
[0, 2, 1, 1, 2, 0, 1] : -0.0838399
[0, 2, 1, 1, 1, 0, 2] : -0.08391
[2, 0, 1, 2, 2, 0, 0] : -0.0843349
[0, 1, 1, 1, 2, 0, 2] : -0.0846311
[1, 2, 0, 1, 2, 0, 1] : -0.0849195
[2, 2, 0, 1, 1, 0, 1] : -0.0850189
[0, 1, 2, 2, 1, 0, 1] : -0.0851093
[0, 1, 1, 2, 1, 0, 2] : -0.0856677
[2, 0, 2, 1, 2, 0, 0] : -0.085739
[2, 0, 0, 2, 1, 0, 2] : -0.0860933
[1, 1, 0, 1, 2, 0, 2] : -0.0864676
[1, 0, 2, 2, 1, 0, 1] : -0.0865346
[1, 0, 1, 2, 1, 0, 2] : -0.0868976
[1, 1, 0, 2, 1, 0, 2] : -0.087497
[1, 0, 2, 1, 2, 0, 1] : -0.0875119
[1, 0, 1, 1, 2, 0, 2] : -0.0876878
[2, 0, 1, 1, 2, 0, 1] : -0.0884034
[2, 0, 1, 2, 1, 0, 1] : -0.0901536
[2, 1, 0, 2, 1, 0, 1] : -0.0915866
[2, 1, 0, 1, 2, 0, 1] : -0.0920814
[2, 2, 0, 1, 2, 0, 0] : -0.0967356
[2, 0, 2, 2, 1, 0, 0] : -0.0978328
[2, 2, 0, 2, 1, 0, 0] : -0.104913
